  3.3767600e+000  5.5634000e-001
  3.3890300e+000  5.4817000e-001
  3.4308100e+000  5.3050000e-001
  3.4079900e+000  5.2910000e-001
  3.4335300e+000  5.0476000e-001
  3.4723300e+000  4.9780000e-001
  3.4794100e+000  4.7304000e-001
  3.4852100e+000  4.6813000e-001
  3.4889200e+000  4.5694000e-001
  3.4860400e+000  4.3902000e-001
  3.5000200e+000  4.2245000e-001
  3.5096700e+000  4.1324000e-001
  3.4844100e+000  4.0345000e-001
  3.5000200e+000  3.8518000e-001
  3.4839700e+000  3.7701000e-001
  3.5039400e+000  3.6350000e-001
  3.4854400e+000  3.6115000e-001
  3.4903000e+000  3.4317000e-001
  3.4920700e+000  3.3135000e-001
  3.4852400e+000  3.2601000e-001
  3.4718100e+000  3.1246000e-001
  3.4887600e+000  3.0253000e-001
  3.4660100e+000  2.9377000e-001
  3.4625000e+000  2.8420000e-001
  3.4479800e+000  2.7446000e-001
  3.4356500e+000  2.6555000e-001
  3.4318100e+000  2.5703000e-001
  3.4116900e+000  2.5153000e-001
  3.4039900e+000  2.4274000e-001
  3.3825600e+000  2.3864000e-001
  3.3693900e+000  2.3264000e-001
  3.3457300e+000  2.2724000e-001
  3.3346800e+000  2.2302000e-001
  3.3212200e+000  2.1800000e-001
  3.2922400e+000  2.1589000e-001
  3.2892900e+000  2.1172000e-001
  3.2683800e+000  2.0802000e-001
  3.2490000e+000  2.0778000e-001
  3.2345100e+000  2.0353000e-001
  3.2166500e+000  2.0104000e-001
  3.2040900e+000  2.0066000e-001
  3.1849800e+000  1.9944000e-001
  3.1662200e+000  1.9820000e-001
  3.1508200e+000  1.9427000e-001
  3.1412200e+000  1.9457000e-001
  3.1212600e+000  1.9385000e-001
  3.1088100e+000  1.9496000e-001
  3.0932400e+000  1.9513000e-001
  3.0853700e+000  1.9317000e-001
  3.0674600e+000  1.9356000e-001
  3.0523900e+000  1.9488000e-001
  3.0405600e+000  1.9508000e-001
  3.0252200e+000  1.9479000e-001
  3.0150000e+000  1.9464000e-001
  3.0035100e+000  1.9481000e-001
  2.9933800e+000  1.9622000e-001
  2.9815300e+000  1.9759000e-001
  2.9686100e+000  1.9886000e-001
  2.9606600e+000  1.9910000e-001
  2.9555600e+000  1.9833000e-001
  2.9398600e+000  2.0186000e-001
  2.9299700e+000  2.0137000e-001
  2.9251400e+000  2.0218000e-001
  2.9142600e+000  2.0474000e-001
  2.9074100e+000  2.0493000e-001
  2.8978900e+000  2.0750000e-001
  2.8924000e+000  2.0783000e-001
  2.8841000e+000  2.0915000e-001
  2.8775500e+000  2.1125000e-001
  2.8696500e+000  2.1265000e-001
  2.8624100e+000  2.1431000e-001
  2.8596900e+000  2.1448000e-001
  2.8538300e+000  2.1715000e-001
  2.8537200e+000  2.2035000e-001
  2.8490600e+000  2.1974000e-001
  2.8415200e+000  2.2450000e-001
  2.8425300e+000  2.2404000e-001
  2.8375500e+000  2.2588000e-001
  2.8336800e+000  2.2839000e-001
  2.8332400e+000  2.2948000e-001
  2.8308200e+000  2.3223000e-001
  2.8351200e+000  2.3291000e-001
  2.8333700e+000  2.3460000e-001
  2.8288800e+000  2.3656000e-001
  2.8326100e+000  2.3735000e-001
  2.8324600e+000  2.3887000e-001
  2.8360000e+000  2.3862000e-001
  2.8352400e+000  2.4188000e-001
  2.8380000e+000  2.4210000e-001
  2.8376400e+000  2.4509000e-001
  2.8379500e+000  2.4320000e-001
  2.8414800e+000  2.4473000e-001
  2.8419700e+000  2.4487000e-001
  2.8466500e+000  2.4500000e-001
  2.8504400e+000  2.4613000e-001
  2.8554200e+000  2.4683000e-001
  2.8582500e+000  2.4807000e-001
  2.8574600e+000  2.4727000e-001
  2.8578300e+000  2.4800000e-001
  2.8618400e+000  2.4971000e-001
  2.8702400e+000  2.4764000e-001
  2.8700500e+000  2.4927000e-001
  2.8731600e+000  2.4866000e-001
  2.8783000e+000  2.4826000e-001
  2.8800100e+000  2.4751000e-001
  2.8872100e+000  2.4605000e-001
  2.8880300e+000  2.4624000e-001
  2.8912200e+000  2.4446000e-001
  2.8903100e+000  2.4577000e-001
  2.8971000e+000  2.4495000e-001
  2.9011300e+000  2.4364000e-001
  2.8978400e+000  2.4352000e-001
  2.9051500e+000  2.4021000e-001
  2.9084800e+000  2.3879000e-001
  2.9091300e+000  2.3943000e-001
  2.9067900e+000  2.3818000e-001
  2.9114800e+000  2.3711000e-001
  2.9153300e+000  2.3484000e-001
  2.9162000e+000  2.3493000e-001
  2.9222500e+000  2.3157000e-001
  2.9244100e+000  2.2924000e-001
  2.9219500e+000  2.2844000e-001
  2.9248900e+000  2.2626000e-001
  2.9269600e+000  2.2438000e-001
  2.9242600e+000  2.2295000e-001
  2.9284500e+000  2.2217000e-001
  2.9290600e+000  2.2037000e-001
  2.9284100e+000  2.1686000e-001
  2.9240100e+000  2.1685000e-001
  2.9269100e+000  2.1570000e-001
  2.9317300e+000  2.1336000e-001
  2.9266600e+000  2.1272000e-001
  2.9267400e+000  2.1048000e-001
  2.9310600e+000  2.0829000e-001
  2.9295400e+000  2.0809000e-001
  2.9267000e+000  2.0528000e-001
  2.9303900e+000  2.0401000e-001
  2.9330100e+000  2.0115000e-001
  2.9294400e+000  2.0019000e-001
  2.9278500e+000  1.9805000e-001
  2.9257600e+000  1.9735000e-001
  2.9283300e+000  1.9552000e-001
  2.9280900e+000  1.9395000e-001
  2.9327400e+000  1.9242000e-001
  2.9289400e+000  1.9119000e-001
  2.9328300e+000  1.8957000e-001
  2.9315400e+000  1.8790000e-001
  2.9343800e+000  1.8591000e-001
  2.9321300e+000  1.8462000e-001
  2.9342300e+000  1.8115000e-001
  2.9365600e+000  1.7839000e-001
  2.9354700e+000  1.7756000e-001
  2.9348600e+000  1.7348000e-001
  2.9328300e+000  1.7081000e-001
  2.9330200e+000  1.6838000e-001
  2.9346700e+000  1.6660000e-001
  2.9362600e+000  1.6406000e-001
  2.9326700e+000  1.6159000e-001
  2.9302000e+000  1.5873000e-001
  2.9336800e+000  1.5560000e-001
  2.9279500e+000  1.5308000e-001
  2.9286100e+000  1.4854000e-001
  2.9231900e+000  1.4819000e-001
  2.9279200e+000  1.4206000e-001
  2.9232500e+000  1.4085000e-001
  2.9220900e+000  1.3672000e-001
  2.9126600e+000  1.3412000e-001
  2.9151300e+000  1.3127000e-001
  2.9135800e+000  1.2743000e-001
  2.9054800e+000  1.2483000e-001
  2.9010800e+000  1.1943000e-001
  2.8962800e+000  1.1845000e-001
  2.8940100e+000  1.1417000e-001
  2.8888300e+000  1.1222000e-001
  2.8788600e+000  1.1020000e-001
  2.8717000e+000  1.0605000e-001
  2.8693500e+000  1.0253000e-001
  2.8624600e+000  9.8000000e-002
  2.8532800e+000  9.6290000e-002
  2.8461700e+000  9.3130000e-002
  2.8400000e+000  9.0580000e-002
  2.8322900e+000  8.8170000e-002
  2.8240700e+000  8.5880000e-002
  2.8138900e+000  8.4080000e-002
  2.8093200e+000  7.9640000e-002
  2.7996800e+000  7.9990000e-002
  2.7932700e+000  7.6970000e-002
  2.7864800e+000  7.4920000e-002
  2.7763400e+000  7.2100000e-002
  2.7682100e+000  6.9960000e-002
  2.7562200e+000  6.9190000e-002
  2.7500100e+000  6.8080000e-002
  2.7416800e+000  6.5020000e-002
  2.7307800e+000  6.4320000e-002
  2.7232600e+000  6.3090000e-002
  2.7144700e+000  6.1470000e-002
  2.7046100e+000  6.0490000e-002
  2.6995400e+000  5.9400000e-002
  2.6901500e+000  5.7970000e-002
  2.6858000e+000  5.8190000e-002
  2.6768800e+000  5.6950000e-002
  2.6676800e+000  5.6330000e-002
  2.6633500e+000  5.4900000e-002
  2.6552100e+000  5.5240000e-002
  2.6459900e+000  5.4810000e-002
  2.6370000e+000  5.3660000e-002
  2.6278700e+000  5.3770000e-002
  2.6237100e+000  5.2800000e-002
  2.6172600e+000  5.3100000e-002
  2.6112600e+000  5.2060000e-002
  2.6060100e+000  5.2500000e-002
  2.5996000e+000  5.2540000e-002
  2.5931000e+000  5.2080000e-002
  2.5915400e+000  5.2110000e-002
  2.5845200e+000  5.0900000e-002
  2.5765500e+000  5.1700000e-002
  2.5726800e+000  5.1960000e-002
  2.5673200e+000  5.2100000e-002
  2.5640500e+000  5.1590000e-002
  2.5619200e+000  5.0960000e-002
  2.5525000e+000  4.9590000e-002
  2.5458300e+000  5.1660000e-002
  2.5425700e+000  5.0350000e-002
  2.5382000e+000  5.0250000e-002
  2.5323000e+000  4.9130000e-002
  2.5276400e+000  4.8790000e-002
  2.5227200e+000  4.9450000e-002
  2.5184800e+000  5.0830000e-002
  2.5128300e+000  5.0200000e-002
  2.5053800e+000  5.0700000e-002
  2.5025800e+000  4.9040000e-002
  2.4967000e+000  4.8890000e-002
  2.4933800e+000  4.9030000e-002
  2.4893500e+000  4.7450000e-002
  2.4835600e+000  4.9390000e-002
  2.4796300e+000  4.9370000e-002
  2.4756200e+000  4.8550000e-002
  2.4713800e+000  4.9200000e-002
  2.4665500e+000  4.9310000e-002
  2.4633900e+000  4.9590000e-002
  2.4606600e+000  4.9240000e-002
  2.4530700e+000  5.0700000e-002
  2.4513200e+000  4.9790000e-002
  2.4453600e+000  4.9730000e-002
  2.4422800e+000  4.8940000e-002
  2.4398400e+000  4.9680000e-002
  2.4359400e+000  4.9550000e-002
  2.4316500e+000  4.8500000e-002
  2.4286900e+000  4.8750000e-002
  2.4232700e+000  4.8820000e-002
  2.4204700e+000  4.8950000e-002
  2.4171700e+000  4.7900000e-002
  2.4134200e+000  4.9210000e-002
  2.4116900e+000  5.0570000e-002
  2.4082700e+000  5.0370000e-002
  2.4057300e+000  5.0070000e-002
  2.4022000e+000  5.0240000e-002
  2.3995500e+000  4.9780000e-002
  2.3969100e+000  5.0640000e-002
  2.3941900e+000  5.0230000e-002
  2.3930700e+000  5.1120000e-002
  2.3911000e+000  5.0650000e-002
  2.3881900e+000  5.0780000e-002
  2.3881000e+000  5.1070000e-002
  2.3852200e+000  5.0510000e-002
  2.3827200e+000  5.0820000e-002
  2.3821400e+000  5.1050000e-002
  2.3814800e+000  5.0910000e-002
  2.3790000e+000  5.0690000e-002
  2.3772200e+000  4.9670000e-002
  2.3748800e+000  5.0080000e-002
  2.3755700e+000  4.9860000e-002
  2.3733400e+000  4.8920000e-002
  2.3704500e+000  4.8720000e-002
  2.3687900e+000  4.7460000e-002
  2.3671000e+000  4.8220000e-002
  2.3648500e+000  4.7130000e-002
  2.3625500e+000  4.4680000e-002
  2.3615800e+000  4.4560000e-002
  2.3579500e+000  4.3680000e-002
  2.3551600e+000  4.4170000e-002
  2.3526700e+000  4.2990000e-002
  2.3502900e+000  4.2180000e-002
  2.3488000e+000  4.1610000e-002
  2.3459400e+000  3.9570000e-002
  2.3404700e+000  4.0290000e-002
  2.3381800e+000  3.9570000e-002
  2.3331400e+000  3.7550000e-002
  2.3331300e+000  3.7930000e-002
  2.3299900e+000  3.8280000e-002
  2.3260400e+000  3.6940000e-002
  2.3233800e+000  3.5550000e-002
  2.3203400e+000  3.6560000e-002
  2.3177200e+000  3.5960000e-002
  2.3160500e+000  3.5680000e-002
  2.3128600e+000  3.4730000e-002
  2.3103400e+000  3.4190000e-002
  2.3051300e+000  3.4150000e-002
  2.3059300e+000  3.3480000e-002
  2.3015000e+000  3.1890000e-002
  2.2983900e+000  3.2130000e-002
  2.2960600e+000  3.2330000e-002
  2.2934100e+000  3.0640000e-002
  2.2906800e+000  2.9960000e-002
  2.2869700e+000  2.9360000e-002
  2.2854000e+000  2.8630000e-002
  2.2815400e+000  2.8480000e-002
  2.2790600e+000  2.7880000e-002
  2.2732700e+000  2.8940000e-002
  2.2719800e+000  2.5360000e-002
  2.2695300e+000  2.5940000e-002
  2.2655900e+000  2.7510000e-002
  2.2636900e+000  2.6050000e-002
  2.2616200e+000  2.5200000e-002
  2.2598200e+000  2.4350000e-002
  2.2563800e+000  2.4560000e-002
  2.2506000e+000  2.5570000e-002
  2.2490800e+000  2.3870000e-002
  2.2484200e+000  2.3620000e-002
  2.2467800e+000  2.3700000e-002
  2.2417100e+000  2.4570000e-002
  2.2403000e+000  2.2550000e-002
  2.2384400e+000  2.2690000e-002
  2.2335700e+000  2.5170000e-002
  2.2342500e+000  2.3440000e-002
  2.2315700e+000  2.3910000e-002
  2.2293200e+000  2.2460000e-002
  2.2266500e+000  2.3890000e-002
  2.2248500e+000  2.2770000e-002
  2.2268200e+000  2.2320000e-002
  2.2200300e+000  2.3690000e-002
  2.2200300e+000  2.0650000e-002
  2.2179600e+000  2.2770000e-002
  2.2180500e+000  2.0790000e-002
  2.2180400e+000  2.1330000e-002
  2.2146800e+000  1.9810000e-002
  2.2125700e+000  2.0020000e-002
  2.2102600e+000  2.0080000e-002
  2.2102000e+000  2.0190000e-002
  2.2090500e+000  2.0090000e-002
  2.2067900e+000  2.0280000e-002
  2.2058900e+000  2.0470000e-002
  2.2044200e+000  1.6980000e-002
  2.2007800e+000  1.8630000e-002
  2.2016200e+000  1.7210000e-002
  2.2008100e+000  1.7210000e-002
  2.1981100e+000  1.7810000e-002
  2.1981300e+000  1.5990000e-002
  2.1957500e+000  1.6200000e-002
  2.1985100e+000  1.4710000e-002
  2.1954100e+000  1.5330000e-002
  2.1976800e+000  1.4420000e-002
  2.1969600e+000  1.4600000e-002
  2.1927300e+000  1.4140000e-002
  2.1911500e+000  1.5360000e-002
  2.1941400e+000  1.2000000e-002
  2.1932300e+000  1.3490000e-002
  2.1912100e+000  1.3550000e-002
  2.1901100e+000  1.4390000e-002
  2.1901200e+000  1.3840000e-002
  2.1890500e+000  1.2250000e-002
  2.1875800e+000  1.2880000e-002
  2.1877300e+000  1.3360000e-002
  2.1870500e+000  1.3100000e-002
  2.1913600e+000  1.1830000e-002
  2.1877400e+000  1.5030000e-002
  2.1887500e+000  1.3210000e-002
  2.1868400e+000  1.0520000e-002
  2.1860200e+000  1.1630000e-002
  2.1898600e+000  1.0100000e-002
  2.1895600e+000  1.1860000e-002
  2.1888300e+000  1.0450000e-002
  2.1879700e+000  1.1190000e-002
  2.1890100e+000  1.1330000e-002
  2.1885000e+000  1.1370000e-002
  2.1886000e+000  9.0500000e-003
  2.1914500e+000  1.0250000e-002
  2.1878300e+000  9.0700000e-003
  2.1868700e+000  1.0690000e-002
  2.1871300e+000  1.0420000e-002
  2.1848900e+000  1.1290000e-002
  2.1848200e+000  8.5300000e-003
  2.1883900e+000  1.1970000e-002
  2.1840500e+000  1.0480000e-002
  2.1851900e+000  9.6200000e-003
  2.1872600e+000  1.0270000e-002
  2.1831000e+000  8.1100000e-003
  2.1844500e+000  6.2600000e-003
  2.1842200e+000  1.1970000e-002
  2.1777300e+000  1.0220000e-002
  2.1846400e+000  9.0700000e-003
  2.1813700e+000  6.4600000e-003
  2.1845900e+000  7.4500000e-003
  2.1805000e+000  1.1760000e-002
  2.1809100e+000  1.1290000e-002
  2.1828700e+000  9.5000000e-003
  2.1805500e+000  9.7300000e-003
  2.1789100e+000  8.2300000e-003
  2.1787200e+000  1.0510000e-002
  2.1776500e+000  6.6500000e-003
  2.1822300e+000  8.6600000e-003
  2.1804100e+000  9.3000000e-003
  2.1760200e+000  8.0300000e-003
  2.1760300e+000  7.9100000e-003
  2.1751200e+000  7.5600000e-003
  2.1766400e+000  7.8500000e-003
  2.1739900e+000  1.0060000e-002
  2.1747700e+000  9.3700000e-003
  2.1771100e+000  6.6500000e-003
  2.1773100e+000  9.5300000e-003
  2.1728600e+000  8.3800000e-003
  2.1749800e+000  9.6000000e-003
  2.1749800e+000  9.8100000e-003
  2.1688600e+000  9.6200000e-003
  2.1717400e+000  7.4500000e-003
  2.1718400e+000  7.6300000e-003
  2.1711200e+000  6.2600000e-003
  2.1700300e+000  7.3200000e-003
  2.1688400e+000  4.5600000e-003
  2.1666300e+000  3.5000000e-003
  2.1660100e+000  6.0100000e-003
  2.1658400e+000  3.5800000e-003
  2.1664000e+000  6.8500000e-003
  2.1636100e+000  7.9800000e-003
  2.1645500e+000  8.2500000e-003
  2.1601800e+000  6.0700000e-003
  2.1582700e+000  7.6500000e-003
  2.1586800e+000  6.4600000e-003
  2.1552800e+000  7.9000000e-003
  2.1567600e+000  7.5200000e-003
  2.1541300e+000  9.4100000e-003
  2.1544800e+000  7.3300000e-003
  2.1500600e+000  8.2700000e-003
  2.1501800e+000  9.3600000e-003
  2.1542700e+000  8.0000000e-003
  2.1509500e+000  4.2400000e-003
  2.1552400e+000  6.0900000e-003
  2.1485300e+000  6.4600000e-003
  2.1478100e+000  7.2300000e-003
  2.1489800e+000  5.8300000e-003
  2.1469400e+000  6.0000000e-003
  2.1442500e+000  9.1300000e-003
  2.1449900e+000  9.9600000e-003
  2.1468300e+000  1.0410000e-002
  2.1415400e+000  1.0060000e-002
  2.1442900e+000  6.0900000e-003
  2.1391800e+000  5.8300000e-003
  2.1387200e+000  3.4300000e-003
  2.1362200e+000  6.2200000e-003
  2.1430400e+000  1.4500000e-003
  2.1364000e+000  1.9800000e-003
  2.1341800e+000  5.0200000e-003
  2.1328600e+000  7.3800000e-003
  2.1300400e+000  5.0700000e-003
  2.1308100e+000  4.6600000e-003
  2.1277300e+000  9.5300000e-003
  2.1303600e+000  8.4700000e-003
  2.1276200e+000  5.7800000e-003
  2.1311800e+000  4.8900000e-003
  2.1287200e+000  1.7800000e-003
  2.1230300e+000  6.1100000e-003
  2.1277700e+000  8.6900000e-003
  2.1299700e+000  1.0600000e-002
  2.1241700e+000  1.3670000e-002
  2.1211400e+000  1.1700000e-002
  2.1193900e+000  9.8700000e-003
  2.1208000e+000  8.8400000e-003
  2.1199300e+000  7.5200000e-003
  2.1161200e+000  9.9300000e-003
  2.1217700e+000  4.3100000e-003
  2.1174900e+000  6.0200000e-003
  2.1147300e+000  9.3100000e-003
  2.1141400e+000  9.3300000e-003
  2.1142600e+000  1.0990000e-002
  2.1134600e+000  6.7600000e-003
  2.1131900e+000  7.5400000e-003
  2.1102100e+000  8.4900000e-003
  2.1135100e+000  4.1400000e-003
  2.1074300e+000  3.6200000e-003
  2.1055000e+000  5.5100000e-003
  2.1077300e+000  9.5800000e-003
  2.1055700e+000  9.3100000e-003
  2.1060000e+000  1.2660000e-002
  2.1031900e+000  1.1020000e-002
  2.1034600e+000  6.5900000e-003
  2.1076300e+000  1.1190000e-002
  2.1102100e+000  9.3400000e-003
  2.1011300e+000  7.7800000e-003
  2.1024900e+000  1.1900000e-002
  2.1075700e+000  7.1100000e-003
  2.1036600e+000  6.1900000e-003
  2.0955300e+000  9.8500000e-003
  2.1005500e+000  8.2400000e-003
  2.0992500e+000  1.1680000e-002
  2.0997200e+000  1.0210000e-002
  2.1019400e+000  1.1770000e-002
  2.0967500e+000  1.0210000e-002
  2.0978700e+000  8.6800000e-003
  2.0949900e+000  4.6100000e-003
  2.0959300e+000  9.3500000e-003
  2.0937500e+000  1.0090000e-002
