1.639600000	0.000002090	1.743370000	0.028210000	1.574323965	0.009428160	2.268330000	0.401450000	3.376760000	0.556340000	2.357540000	0.000966000	0.295245869	3.307389123	   	   
1.629500000	0.000002420	1.728690000	0.028280000	1.573942347	0.009487338	2.260310000	0.401940000	3.389030000	0.548170000	2.339590000	0.011500000	0.297804323	3.323769125	   	   
1.631290000	0.000001730	1.740240000	0.029830000	1.573561895	0.009546645	2.267250000	0.399210000	3.430810000	0.530500000	2.355830000	0.001690000	0.300336852	3.339926351	   	   
1.632030000	0.000001360	1.744290000	0.029950000	1.573182608	0.009606081	2.262260000	0.395170000	3.407990000	0.529100000	2.344800000	0.004700000	0.302843935	3.355864342	   	   
1.634660000	0.000001810	1.739960000	0.028620000	1.572804481	0.009665645	2.286020000	0.383200000	3.433530000	0.504760000	2.321650000	0.003810000	0.305326051	3.371586616	   	   
1.628120000	0.000001350	1.737510000	0.029390000	1.572427511	0.009725339	2.292050000	0.380470000	3.472330000	0.497800000	2.311320000	0.000479000	0.307783676	3.387096674	   	   
1.630250000	0.000001710	1.733030000	0.027940000	1.572051694	0.009785163	2.309900000	0.377090000	3.479410000	0.473040000	2.316000000	0.001550000	0.310217283	3.402397993	   	   
1.625710000	0.000001590	1.732350000	0.029380000	1.571677027	0.009845116	2.318660000	0.371060000	3.485210000	0.468130000	2.308390000	0.000062100	0.312627345	3.417494032	   	   
1.627730000	0.000001460	1.734970000	0.029200000	1.571303507	0.009905200	2.311820000	0.369420000	3.488920000	0.456940000	2.301410000	0.002030000	0.315014329	3.432388231	   	   
1.620310000	0.000001360	1.729380000	0.030200000	1.570931129	0.009965414	2.340700000	0.362370000	3.486040000	0.439020000	2.301440000	0.000357000	0.317378703	3.447084007	   	   
1.632110000	0.000001400	1.737040000	0.027990000	1.570559890	0.010025758	2.340030000	0.363270000	3.500020000	0.422450000	2.296190000	0.000127000	0.319720929	3.461584756	   	   
1.625560000	0.000001350	1.734330000	0.029780000	1.570189788	0.010086234	2.338540000	0.355350000	3.509670000	0.413240000	2.293370000	0.002390000	0.322041469	3.475893857	   	   
1.622930000	0.000001180	1.733610000	0.030320000	1.569820817	0.010146841	2.352320000	0.351760000	3.484410000	0.403450000	2.281560000	0.002860000	0.324340783	3.490014665	   	   
1.619220000	0.000001340	1.723020000	0.028570000	1.569452976	0.010207580	2.365280000	0.344750000	3.500020000	0.385180000	2.279580000	0.003710000	0.326619327	3.503950515	   	   
1.623540000	0.000001160	1.732540000	0.029710000	1.569086259	0.010268450	2.368330000	0.341690000	3.483970000	0.377010000	2.276590000	0.005370000	0.328877555	3.517704720	   	   
1.621520000	0.000001200	1.729370000	0.029660000	1.568720665	0.010329453	2.377690000	0.336440000	3.503940000	0.363500000	2.267410000	0.005080000	0.331115919	3.531280575	   	   
1.623570000	0.000001100	1.731190000	0.029200000	1.568356189	0.010390588	2.381310000	0.331650000	3.485440000	0.361150000	2.265710000	0.002490000	0.333334869	3.544681350	   	   
1.621970000	0.000001130	1.729970000	0.029640000	1.567992829	0.010451856	2.394640000	0.326020000	3.490300000	0.343170000	2.259010000	0.003440000	0.335534851	3.557910296	   	   
1.620880000	0.000001170	1.728100000	0.029630000	1.567630580	0.010513257	2.403460000	0.317030000	3.492070000	0.331350000	2.255290000	0.004420000	0.337716310	3.570970643	   	   
1.622440000	0.000001120	1.727590000	0.028710000	1.567269439	0.010574791	2.411050000	0.311330000	3.485240000	0.326010000	2.244720000	0.001840000	0.339879689	3.583865597	   	   
1.622760000	0.000001060	1.729290000	0.029060000	1.566909403	0.010636459	2.417220000	0.301600000	3.471810000	0.312460000	2.246260000	0.007460000	0.342025426	3.596598347	   	   
1.623010000	0.000000982	1.730880000	0.029400000	1.566550469	0.010698260	2.422920000	0.296750000	3.488760000	0.302530000	2.234880000	0.006200000	0.344153960	3.609172055	   	   
1.617810000	0.000001130	1.721230000	0.028670000	1.566192633	0.010760196	2.437290000	0.286770000	3.466010000	0.293770000	2.234940000	0.005610000	0.346265724	3.621589864	   	   
1.617710000	0.000001220	1.721600000	0.029130000	1.565835892	0.010822266	2.446210000	0.278070000	3.462500000	0.284200000	2.225280000	0.003650000	0.348361152	3.633854897	   	   
1.616570000	0.000001100	1.721520000	0.029350000	1.565480242	0.010884471	2.448780000	0.269900000	3.447980000	0.274460000	2.225120000	0.006540000	0.350440674	3.645970252	   	   
1.619360000	0.000001130	1.723020000	0.028830000	1.565125680	0.010946811	2.452500000	0.260840000	3.435650000	0.265550000	2.216860000	0.005290000	0.352504717	3.657939005	   	   
1.617610000	0.000001100	1.721230000	0.028970000	1.564772203	0.011009287	2.463170000	0.251040000	3.431810000	0.257030000	2.213450000	0.007620000	0.354553706	3.669764214	   	   
1.616520000	0.000001080	1.720510000	0.029160000	1.564419807	0.011071898	2.471870000	0.242850000	3.411690000	0.251530000	2.210400000	0.005670000	0.356588064	3.681448910	   	   
1.612460000	0.000001200	1.713190000	0.028680000	1.564068490	0.011134645	2.474490000	0.233020000	3.403990000	0.242740000	2.207710000	0.006470000	0.358608212	3.692996104	   	   
1.616560000	0.000001250	1.716290000	0.028220000	1.563718247	0.011197528	2.474320000	0.225790000	3.382560000	0.238640000	2.203600000	0.005120000	0.360614567	3.704408785	   	   
1.615570000	0.000001300	1.714890000	0.028290000	1.563369076	0.011260547	2.481400000	0.215240000	3.369390000	0.232640000	2.197480000	0.007340000	0.362607545	3.715689920	   	   
1.612680000	0.000001270	1.711870000	0.028480000	1.563020974	0.011323704	2.482740000	0.209420000	3.345730000	0.227240000	2.191640000	0.005690000	0.364587560	3.726842451	   	   
1.615470000	0.000001160	1.715830000	0.028480000	1.562673936	0.011386998	2.488050000	0.198820000	3.334680000	0.223020000	2.188180000	0.007760000	0.366555021	3.737869301	   	   
1.612880000	0.000001210	1.711680000	0.028320000	1.562327960	0.011450429	2.483000000	0.191150000	3.321220000	0.218000000	2.183590000	0.007240000	0.368510337	3.748773369	   	   
1.612390000	0.000001210	1.709690000	0.027850000	1.561983042	0.011513997	2.480280000	0.183050000	3.292240000	0.215890000	2.183480000	0.006730000	0.370453913	3.759557529	   	   
1.611580000	0.000001170	1.709430000	0.028100000	1.561639180	0.011577704	2.486620000	0.176880000	3.289290000	0.211720000	2.176710000	0.005630000	0.372386154	3.770224636	   	   
1.613150000	0.000001080	1.710940000	0.027760000	1.561296370	0.011641549	2.489050000	0.167860000	3.268380000	0.208020000	2.172370000	0.006590000	0.374307461	3.780777521	   	   
1.612500000	0.000001110	1.709880000	0.027860000	1.560954609	0.011705533	2.481510000	0.162160000	3.249000000	0.207780000	2.169610000	0.005090000	0.376218231	3.791218991	   	   
1.610510000	0.000001110	1.706460000	0.027500000	1.560613893	0.011769656	2.480640000	0.154790000	3.234510000	0.203530000	2.164430000	0.005130000	0.378118861	3.801551831	   	   
1.610650000	0.000000963	1.707340000	0.027500000	1.560274219	0.011833917	2.478360000	0.148320000	3.216650000	0.201040000	2.164010000	0.006900000	0.380009745	3.811778803	   	   
1.609570000	0.000000989	1.705260000	0.027340000	1.559935585	0.011898319	2.480590000	0.141800000	3.204090000	0.200660000	2.160580000	0.005950000	0.381891273	3.821902645	   	   
1.608270000	0.000000967	1.703780000	0.027380000	1.559597987	0.011962860	2.474370000	0.132800000	3.184980000	0.199440000	2.153870000	0.006610000	0.383763836	3.831926075	   	   
1.607600000	0.000000987	1.701770000	0.027040000	1.559261422	0.012027541	2.472530000	0.128320000	3.166220000	0.198200000	2.153670000	0.006550000	0.385627819	3.841851784	   	   
1.608380000	0.000000962	1.702300000	0.026900000	1.558925886	0.012092363	2.466060000	0.122940000	3.150820000	0.194270000	2.150020000	0.008120000	0.387483607	3.851682442	   	   
1.608370000	0.000000949	1.701230000	0.026560000	1.558591377	0.012157325	2.461620000	0.118480000	3.141220000	0.194570000	2.141370000	0.005430000	0.389331581	3.861420696	   	   
1.606100000	0.000000936	1.698360000	0.026530000	1.558257892	0.012222429	2.455900000	0.112350000	3.121260000	0.193850000	2.137690000	0.006950000	0.391172120	3.871069167	   	   
1.608420000	0.000000910	1.700460000	0.026300000	1.557925426	0.012287673	2.449060000	0.107480000	3.108810000	0.194960000	2.135700000	0.006570000	0.393005602	3.880630456	   	   
1.607330000	0.000000894	1.698890000	0.026230000	1.557593978	0.012353060	2.443420000	0.103760000	3.093240000	0.195130000	2.132530000	0.005590000	0.394832399	3.890107139	   	   
1.604500000	0.000000931	1.694560000	0.026010000	1.557263544	0.012418588	2.436970000	0.098110000	3.085370000	0.193170000	2.129760000	0.006810000	0.396652886	3.899501768	   	   
1.603680000	0.000000914	1.692490000	0.025630000	1.556934121	0.012484259	2.433810000	0.093180000	3.067460000	0.193560000	2.125850000	0.005540000	0.398467430	3.908816874	   	   
1.604870000	0.000000887	1.692910000	0.025280000	1.556605706	0.012550072	2.424280000	0.092040000	3.052390000	0.194880000	2.122540000	0.006350000	0.400276400	3.918054960	   	   
1.603390000	0.000000901	1.691240000	0.025400000	1.556278295	0.012616028	2.414400000	0.085780000	3.040560000	0.195080000	2.121400000	0.005960000	0.402080160	3.927218510	   	   
1.604580000	0.000000902	1.690800000	0.024790000	1.555951887	0.012682128	2.411060000	0.082700000	3.025220000	0.194790000	2.117650000	0.006670000	0.403879071	3.936309981	   	   
1.601350000	0.000000881	1.687200000	0.024880000	1.555626476	0.012748370	2.403580000	0.077870000	3.015000000	0.194640000	2.114440000	0.006810000	0.405673495	3.945331809	   	   
1.601860000	0.000000966	1.685810000	0.024380000	1.555302062	0.012814757	2.395440000	0.074760000	3.003510000	0.194810000	2.110620000	0.006610000	0.407463788	3.954286404	   	   
1.602900000	0.000000921	1.687420000	0.024500000	1.554978640	0.012881288	2.384590000	0.071010000	2.993380000	0.196220000	2.106510000	0.006970000	0.409250306	3.963176153	   	   
1.601570000	0.000000920	1.684740000	0.024150000	1.554656207	0.012947963	2.378210000	0.068770000	2.981530000	0.197590000	2.105470000	0.005730000	0.411033401	3.972003421	   	   
1.601160000	0.000000884	1.684840000	0.024350000	1.554334761	0.013014783	2.372150000	0.065360000	2.968610000	0.198860000	2.098710000	0.006770000	0.412813423	3.980770545	   	   
1.600800000	0.000000962	1.682970000	0.024030000	1.554014299	0.013081748	2.358850000	0.061870000	2.960660000	0.199100000	2.099830000	0.006260000	0.414590720	3.989479842	   	   
1.600200000	0.000000934	1.680310000	0.023330000	1.553694816	0.013148858	2.350540000	0.059350000	2.955560000	0.198330000	2.096500000	0.007540000	0.416365637	3.998133604	   	   
1.599580000	0.000000923	1.678540000	0.022980000	1.553376312	0.013216114	2.341650000	0.058120000	2.939860000	0.201860000	2.091810000	0.006230000	0.418138518	4.006734098	   	   
1.598340000	0.000000925	1.677380000	0.023150000	1.553058781	0.013283517	2.335130000	0.054720000	2.929970000	0.201370000	2.089370000	0.006730000	0.419909703	4.015283569	   	   
1.599250000	0.000001000	1.676430000	0.022610000	1.552742223	0.013351065	2.323940000	0.053190000	2.925140000	0.202180000	2.086150000	0.006270000	0.421679530	4.023784235	   	   
1.598490000	0.000000954	1.675640000	0.022610000	1.552426632	0.013418760	2.318210000	0.051300000	2.914260000	0.204740000	2.082780000	0.005480000	0.423448334	4.032238292	   	   
1.597330000	0.000000965	1.673770000	0.022490000	1.552112008	0.013486602	2.308290000	0.048150000	2.907410000	0.204930000	2.079930000	0.006110000	0.425216449	4.040647913	   	   
1.597350000	0.000000940	1.673130000	0.022260000	1.551798345	0.013554592	2.297740000	0.047420000	2.897890000	0.207500000	2.076310000	0.005230000	0.426984206	4.049015244	   	   
1.597020000	0.000000931	1.671560000	0.021870000	1.551485643	0.013622728	2.289650000	0.046110000	2.892400000	0.207830000	2.076010000	0.005720000	0.428751932	4.057342409	   	   
1.596170000	0.000000954	1.669570000	0.021600000	1.551173897	0.013691013	2.279710000	0.043800000	2.884100000	0.209150000	2.075900000	0.006620000	0.430519955	4.065631507	   	   
1.595780000	0.000000974	1.668110000	0.021310000	1.550863105	0.013759446	2.270630000	0.042520000	2.877550000	0.211250000	2.070060000	0.005120000	0.432288598	4.073884614	   	   
1.596450000	0.000000913	1.668430000	0.021110000	1.550553264	0.013828028	2.262570000	0.041260000	2.869650000	0.212650000	2.067950000	0.005120000	0.434058181	4.082103780	   	   
1.594910000	0.000000960	1.665320000	0.020750000	1.550244370	0.013896759	2.251060000	0.039470000	2.862410000	0.214310000	2.063490000	0.006420000	0.435829024	4.090291033	   	   
1.595390000	0.000000953	1.665660000	0.020710000	1.549936422	0.013965639	2.244080000	0.037740000	2.859690000	0.214480000	2.059700000	0.005770000	0.437601442	4.098448373	   	   
1.592900000	0.000001030	1.661270000	0.020320000	1.549629416	0.014034668	2.235550000	0.035710000	2.853830000	0.217150000	2.061050000	0.005950000	0.439375751	4.106577780	   	   
1.594160000	0.000001050	1.660530000	0.019660000	1.549323349	0.014103847	2.226000000	0.035340000	2.853720000	0.220350000	2.058440000	0.005990000	0.441152260	4.114681208	   	   
1.593680000	0.000001010	1.660600000	0.019830000	1.549018219	0.014173177	2.221690000	0.034010000	2.849060000	0.219740000	2.053800000	0.006270000	0.442931280	4.122760587	   	   
1.594180000	0.000001000	1.660010000	0.019480000	1.548714022	0.014242657	2.209510000	0.033910000	2.841520000	0.224500000	2.052630000	0.006830000	0.444713117	4.130817821	   	   
1.591570000	0.000000985	1.657820000	0.019750000	1.548410756	0.014312287	2.200240000	0.031750000	2.842530000	0.224040000	2.051030000	0.006180000	0.446498075	4.138854792	   	   
1.592600000	0.000000974	1.656630000	0.018950000	1.548108418	0.014382069	2.193230000	0.030870000	2.837550000	0.225880000	2.046920000	0.006530000	0.448286455	4.146873357	   	   
1.591960000	0.000000968	1.655700000	0.018910000	1.547807004	0.014452003	2.185430000	0.030370000	2.833680000	0.228390000	2.044910000	0.005930000	0.450078558	4.154875348	   	   
1.590960000	0.000001020	1.653010000	0.018500000	1.547506513	0.014522088	2.178620000	0.028730000	2.833240000	0.229480000	2.041130000	0.006560000	0.451874680	4.162862574	   	   
1.591370000	0.000001010	1.653410000	0.018510000	1.547206941	0.014592325	2.167540000	0.028590000	2.830820000	0.232230000	2.039300000	0.006150000	0.453675116	4.170836818	   	    
1.591010000	0.000000980	1.651990000	0.018120000	1.546908286	0.014662715	2.160200000	0.027360000	2.835120000	0.232910000	2.039130000	0.006140000	0.455480157	4.178799840	   	   
1.590970000	0.000001010	1.651170000	0.017920000	1.546610544	0.014733258	2.154190000	0.027090000	2.833370000	0.234600000	2.035130000	0.004740000	0.457290095	4.186753376	   	   
1.590570000	0.000001030	1.650260000	0.017830000	1.546313714	0.014803954	2.144760000	0.026960000	2.828880000	0.236560000	2.033620000	0.004870000	0.459105215	4.194699136	   	   
1.589770000	0.000001010	1.647490000	0.017170000	1.546017791	0.014874803	2.136430000	0.025580000	2.832610000	0.237350000	2.030150000	0.006000000	0.460925802	4.202638807	   	   
1.588960000	0.000001130	1.644650000	0.016730000	1.545722774	0.014945806	2.128880000	0.024660000	2.832460000	0.238870000	2.028180000	0.005750000	0.462752140	4.210574051	   	   
1.589380000	0.000001040	1.644950000	0.016560000	1.545428659	0.015016964	2.121260000	0.024020000	2.836000000	0.238620000	2.025630000	0.005680000	0.464584508	4.218506506	   	   
1.588220000	0.000001080	1.643460000	0.016570000	1.545135445	0.015088276	2.112680000	0.024760000	2.835240000	0.241880000	2.024880000	0.004790000	0.466423183	4.226437786	   	   
1.588410000	0.000001080	1.642240000	0.016110000	1.544843127	0.015159742	2.105080000	0.024110000	2.838000000	0.242100000	2.025780000	0.006250000	0.468268442	4.234369480	   	   
1.589760000	0.000001070	1.642840000	0.015810000	1.544551704	0.015231364	2.095870000	0.024920000	2.837640000	0.245090000	2.019170000	0.003870000	0.470120556	4.242303153	   	   
1.588460000	0.000001050	1.641250000	0.015780000	1.544261172	0.015303141	2.090270000	0.021790000	2.837950000	0.243200000	2.017310000	0.005740000	0.471979796	4.250240347	   	   
1.588030000	0.000001060	1.640160000	0.015610000	1.543971529	0.015375074	2.083360000	0.021320000	2.841480000	0.244730000	2.016920000	0.006260000	0.473846430	4.258182577	   	   
1.587780000	0.000001040	1.638720000	0.015240000	1.543682772	0.015447164	2.076360000	0.020940000	2.841970000	0.244870000	2.013130000	0.005620000	0.475720723	4.266131335	   	   
1.587290000	0.000001060	1.637960000	0.015240000	1.543394899	0.015519410	2.070910000	0.020300000	2.846650000	0.245000000	2.011420000	0.007190000	0.477602939	4.274088091	   	   
1.587140000	0.000001020	1.636630000	0.014830000	1.543107907	0.015591812	2.064170000	0.020280000	2.850440000	0.246130000	2.010310000	0.006650000	0.479493338	4.282054286	   	   
1.586990000	0.000001090	1.635450000	0.014570000	1.542821792	0.015664372	2.058530000	0.019230000	2.855420000	0.246830000	2.007240000	0.005810000	0.481392178	4.290031342	   	   
1.587730000	0.000000987	1.636210000	0.014480000	1.542536553	0.015737089	2.049690000	0.019700000	2.858250000	0.248070000	2.006790000	0.005740000	0.483299716	4.298020653	   	   
1.587820000	0.000001050	1.634000000	0.013810000	1.542252187	0.015809965	2.043470000	0.019100000	2.857460000	0.247270000	2.004790000	0.005880000	0.485216204	4.306023590	   	   
1.586970000	0.000001050	1.632420000	0.013580000	1.541968690	0.015882998	2.036880000	0.017370000	2.857830000	0.248000000	2.001500000	0.006070000	0.487141893	4.314041501	   	   
1.585890000	0.000001060	1.631090000	0.013570000	1.541686061	0.015956190	2.029380000	0.017670000	2.861840000	0.249710000	2.002790000	0.004810000	0.489077033	4.322075708	   	   
1.586940000	0.000001040	1.631150000	0.013200000	1.541404297	0.016029541	2.024800000	0.017420000	2.870240000	0.247640000	1.999740000	0.005240000	0.491021869	4.330127510	   	   
1.586080000	0.000001050	1.629790000	0.013120000	1.541123394	0.016103051	2.017670000	0.016970000	2.870050000	0.249270000	1.998360000	0.006080000	0.492976645	4.338198181	   	   
1.584380000	0.000001040	1.627220000	0.012880000	1.540843351	0.016176721	2.008220000	0.016490000	2.873160000	0.248660000	1.995780000	0.005510000	0.494941602	4.346288972	   	   
1.586630000	0.000001030	1.628340000	0.012440000	1.540564165	0.016250551	2.001100000	0.016530000	2.878300000	0.248260000	1.991400000	0.005080000	0.496916979	4.354401109	   	   
1.585470000	0.000001040	1.626620000	0.012350000	1.540285833	0.016324541	1.993980000	0.015770000	2.880010000	0.247510000	1.991940000	0.005490000	0.498903013	4.362535796	   	   
1.584410000	0.000001070	1.624440000	0.012030000	1.540008353	0.016398691	1.988680000	0.014920000	2.887210000	0.246050000	1.990660000	0.004910000	0.500899938	4.370694210	   	   
1.583230000	0.000001000	1.623880000	0.012280000	1.539731721	0.016473003	1.982920000	0.015570000	2.888030000	0.246240000	1.985310000	0.004840000	0.502907984	4.378877506	   	   
1.585620000	0.000001010	1.624280000	0.011580000	1.539455936	0.016547476	1.974760000	0.014150000	2.891220000	0.244460000	1.984950000	0.005510000	0.504927383	4.387086814	   	   
1.583010000	0.000001040	1.621860000	0.011760000	1.539180995	0.016622110	1.968640000	0.014190000	2.890310000	0.245770000	1.982720000	0.005510000	0.506958359	4.395323242	   	   
1.584150000	0.000001010	1.622160000	0.011400000	1.538906894	0.016696907	1.964630000	0.014480000	2.897100000	0.244950000	1.982890000	0.005170000	0.509001139	4.403587872	   	   
1.584550000	0.000000976	1.621960000	0.011220000	1.538633633	0.016771866	1.955130000	0.014910000	2.901130000	0.243640000	1.980030000	0.005050000	0.511055942	4.411881764	   	   
1.583350000	0.000001000	1.619370000	0.010830000	1.538361207	0.016846988	1.946580000	0.013890000	2.897840000	0.243520000	1.978690000	0.004510000	0.513122990	4.420205952	   	   
1.583810000	0.000000978	1.620130000	0.010920000	1.538089615	0.016922273	1.941590000	0.013160000	2.905150000	0.240210000	1.978660000	0.006630000	0.515202499	4.428561448	   	   
1.582490000	0.000001020	1.617310000	0.010530000	1.537818854	0.016997721	1.936020000	0.013530000	2.908480000	0.238790000	1.975080000	0.005990000	0.517294684	4.436949241	   	   
1.583090000	0.000001040	1.616940000	0.010180000	1.537548921	0.017073333	1.927540000	0.013180000	2.909130000	0.239430000	1.975790000	0.005520000	0.519399757	4.445370294	   	   
1.582710000	0.000001070	1.615680000	0.009950000	1.537279814	0.017149109	1.922170000	0.013280000	2.906790000	0.238180000	1.970940000	0.005390000	0.521517928	4.453825548	   	   
1.583250000	0.000001010	1.615950000	0.009840000	1.537011530	0.017225050	1.917400000	0.012920000	2.911480000	0.237110000	1.970890000	0.005170000	0.523649404	4.462315920	   	   
1.581690000	0.000001020	1.613790000	0.009700000	1.536744068	0.017301156	1.909750000	0.013040000	2.915330000	0.234840000	1.968500000	0.005280000	0.525794391	4.470842304	   	   
1.582820000	0.000000974	1.614960000	0.009690000	1.536477423	0.017377427	1.902470000	0.013710000	2.916200000	0.234930000	1.966250000	0.005420000	0.527953090	4.479405570	   	   
1.580820000	0.000000989	1.612310000	0.009550000	1.536211594	0.017453863	1.896640000	0.012280000	2.922250000	0.231570000	1.964930000	0.006580000	0.530125703	4.488006564	   	   
1.582340000	0.000001020	1.612470000	0.009120000	1.535946579	0.017530465	1.889430000	0.011570000	2.924410000	0.229240000	1.962600000	0.006840000	0.532312427	4.496646110	   	   
1.582330000	0.000001040	1.611430000	0.008780000	1.535682374	0.017607234	1.883060000	0.012560000	2.921950000	0.228440000	1.963710000	0.005320000	0.534513457	4.505325008	   	   
1.581980000	0.000001000	1.610750000	0.008690000	1.535418978	0.017684170	1.878920000	0.012960000	2.924890000	0.226260000	1.960350000	0.005640000	0.536728986	4.514044035	   	   
1.581520000	0.000001080	1.609260000	0.008420000	1.535156387	0.017761272	1.871570000	0.012000000	2.926960000	0.224380000	1.960000000	0.006200000	0.538959205	4.522803944	   	   
1.581250000	0.000001010	1.608850000	0.008340000	1.534894600	0.017838542	1.864640000	0.012020000	2.924260000	0.222950000	1.956070000	0.007030000	0.541204301	4.531605466	   	   
1.580500000	0.000001030	1.607780000	0.008270000	1.534633614	0.017915979	1.858480000	0.012800000	2.928450000	0.222170000	1.955620000	0.006490000	0.543464461	4.540449309	   	   
1.580190000	0.000001100	1.606570000	0.008030000	1.534373426	0.017993585	1.852940000	0.013490000	2.929060000	0.220370000	1.954940000	0.004730000	0.545739867	4.549336156	   	   
1.581840000	0.000001020	1.607880000	0.007900000	1.534114035	0.018071359	1.847790000	0.011580000	2.928410000	0.216860000	1.954970000	0.007090000	0.548030700	4.558266669	   	   
1.581440000	0.000001040	1.606260000	0.007540000	1.533855437	0.018149302	1.839340000	0.012580000	2.924010000	0.216850000	1.949120000	0.006730000	0.550337139	4.567241486	   	   
1.581100000	0.000001020	1.605380000	0.007350000	1.533597630	0.018227414	1.831560000	0.013380000	2.926910000	0.215700000	1.947430000	0.005140000	0.552659360	4.576261224	   	   
1.581410000	0.000001030	1.605250000	0.007210000	1.533340612	0.018305696	1.826960000	0.013700000	2.931730000	0.213360000	1.948500000	0.005820000	0.554997537	4.585326474	   	   
1.579370000	0.000000990	1.603370000	0.007320000	1.533084380	0.018384148	1.822380000	0.014090000	2.926660000	0.212720000	1.945050000	0.005420000	0.557351839	4.594437808	   	   
1.579270000	0.000001020	1.602620000	0.007110000	1.532828932	0.018462770	1.816060000	0.013320000	2.926740000	0.210480000	1.943760000	0.005310000	0.559722437	4.603595773	   	   
1.579660000	0.000001030	1.601320000	0.006620000	1.532574265	0.018541563	1.809430000	0.012870000	2.931060000	0.208290000	1.942480000	0.006270000	0.562109496	4.612800894	   	   
1.579920000	0.000001060	1.601540000	0.006620000	1.532320378	0.018620527	1.803960000	0.014350000	2.929540000	0.208090000	1.941760000	0.005970000	0.564513180	4.622053673	   	   
1.579530000	0.000000989	1.601140000	0.006590000	1.532067268	0.018699662	1.797320000	0.014220000	2.926700000	0.205280000	1.941230000	0.005790000	0.566933651	4.631354591	   	   
1.578550000	0.000000993	1.600060000	0.006590000	1.531814932	0.018778969	1.791850000	0.014510000	2.930390000	0.204010000	1.937210000	0.006270000	0.569371068	4.640704105	   	   
1.578410000	0.000001020	1.598550000	0.006190000	1.531563368	0.018858448	1.783500000	0.014460000	2.933010000	0.201150000	1.937510000	0.006690000	0.571825587	4.650102651	   	   
1.579180000	0.000001030	1.599470000	0.006210000	1.531312573	0.018938100	1.778070000	0.014390000	2.929440000	0.200190000	1.934470000	0.005240000	0.574297362	4.659550641	   	   
1.578490000	0.000001060	1.598480000	0.006130000	1.531062546	0.019017925	1.775840000	0.014400000	2.927850000	0.198050000	1.934630000	0.006500000	0.576786546	4.669048468	   	   
1.577630000	0.000001100	1.597130000	0.006030000	1.530813284	0.019097923	1.765840000	0.015900000	2.925760000	0.197350000	1.934180000	0.005800000	0.579293288	4.678596501	   	   
1.577910000	0.000001000	1.596450000	0.005700000	1.530564784	0.019178095	1.761240000	0.014810000	2.928330000	0.195520000	1.929610000	0.006900000	0.581817734	4.688195086	   	   
1.577400000	0.000001080	1.595510000	0.005570000	1.530317045	0.019258440	1.754730000	0.015910000	2.928090000	0.193950000	1.929350000	0.005890000	0.584360029	4.697844549	   	   
1.576380000	0.000001050	1.594170000	0.005500000	1.530070064	0.019338960	1.749680000	0.016460000	2.932740000	0.192420000	1.927800000	0.006190000	0.586920315	4.707545194	   	   
1.576840000	0.000001050	1.593390000	0.005110000	1.529823838	0.019419655	1.742430000	0.017850000	2.928940000	0.191190000	1.925620000	0.005570000	0.589498732	4.717297302	   	   
1.575580000	0.000001000	1.593430000	0.005550000	1.529578366	0.019500526	1.737590000	0.018390000	2.932830000	0.189570000	1.925820000	0.005240000	0.592095418	4.727101133	   	   
1.577100000	0.000001060	1.593760000	0.005140000	1.529333644	0.019581571	1.729800000	0.018730000	2.931540000	0.187900000	1.923560000	0.004890000	0.594710506	4.736956927	   	   
1.575890000	0.000001030	1.592380000	0.005100000	1.529089672	0.019662793	1.726060000	0.019840000	2.934380000	0.185910000	1.921440000	0.004800000	0.597344129	4.746864900	   	   
1.576110000	0.000001040	1.592200000	0.005000000	1.528846446	0.019744191	1.718290000	0.020380000	2.932130000	0.184620000	1.923260000	0.005190000	0.599996418	4.756825249	   	   
1.574550000	0.000001070	1.589480000	0.004670000	1.528603964	0.019825766	1.710650000	0.020230000	2.934230000	0.181150000	1.918000000	0.005250000	0.602667500	4.766838148	   	   
1.574870000	0.000001030	1.590040000	0.004740000	1.528362223	0.019907518	1.708940000	0.021000000	2.936560000	0.178390000	1.917550000	0.005550000	0.605357500	4.776903750	   	   
1.575260000	0.000001080	1.589730000	0.004500000	1.528121223	0.019989447	1.699290000	0.021490000	2.935470000	0.177560000	1.916040000	0.005590000	0.608066541	4.787022188	   	   
1.575490000	0.000001120	1.589660000	0.004450000	1.527880959	0.020071555	1.693110000	0.021870000	2.934860000	0.173480000	1.915370000	0.006310000	0.610794742	4.797193574	   	   
1.573990000	0.000001110	1.588100000	0.004430000	1.527641431	0.020153840	1.687680000	0.022110000	2.932830000	0.170810000	1.912130000	0.006480000	0.613542223	4.807417998	   	   
1.573380000	0.000001130	1.586680000	0.004190000	1.527402636	0.020236304	1.681500000	0.023050000	2.933020000	0.168380000	1.910750000	0.006390000	0.616309098	4.817695530	   	   
1.573980000	0.000001050	1.587630000	0.004290000	1.527164571	0.020318947	1.674830000	0.023620000	2.934670000	0.166600000	1.910030000	0.006470000	0.619095481	4.828026218	   	   
1.573040000	0.000001060	1.586580000	0.004270000	1.526927235	0.020401770	1.669100000	0.024820000	2.936260000	0.164060000	1.907760000	0.006290000	0.621901482	4.838410093	   	   
1.575030000	0.000001100	1.588010000	0.004070000	1.526690624	0.020484772	1.665220000	0.025950000	2.932670000	0.161590000	1.907090000	0.005450000	0.624727210	4.848847161	   	   
1.573540000	0.000001030	1.586550000	0.004100000	1.526454738	0.020567955	1.657870000	0.026920000	2.930200000	0.158730000	1.905480000	0.006160000	0.627572769	4.859337410	   	   
1.573230000	0.000001030	1.586100000	0.004070000	1.526219573	0.020651318	1.654050000	0.027700000	2.933680000	0.155600000	1.905100000	0.005510000	0.630438264	4.869880808	   	   
1.571030000	0.000001060	1.583670000	0.004040000	1.525985128	0.020734862	1.647860000	0.029170000	2.927950000	0.153080000	1.904050000	0.005800000	0.633323796	4.880477303	   	   
1.572010000	0.000001080	1.584410000	0.003930000	1.525751400	0.020818588	1.644930000	0.029460000	2.928610000	0.148540000	1.901120000	0.006660000	0.636229462	4.891126821	   	   
1.572450000	0.000001090	1.584790000	0.003910000	1.525518387	0.020902495	1.635990000	0.031110000	2.923190000	0.148190000	1.899900000	0.006410000	0.639155360	4.901829270	   	   
1.571010000	0.000001080	1.582970000	0.003810000	1.525286087	0.020986585	1.631650000	0.031960000	2.927920000	0.142060000	1.899880000	0.006760000	0.642101583	4.912584538	   	   
1.572060000	0.000001070	1.583710000	0.003710000	1.525054498	0.021070857	1.625080000	0.034360000	2.923250000	0.140850000	1.898450000	0.005310000	0.645068222	4.923392492	   	   
1.572390000	0.000001150	1.584170000	0.003770000	1.524823617	0.021155312	1.622010000	0.035340000	2.922090000	0.136720000	1.897480000	0.006030000	0.648055366	4.934252981	   	   
1.570780000	0.000001080	1.582150000	0.003680000	1.524593442	0.021239950	1.615620000	0.036670000	2.912660000	0.134120000	1.896000000	0.005550000	0.651063101	4.945165833	   	   
1.571180000	0.000001080	1.582450000	0.003600000	1.524363972	0.021324772	1.611640000	0.037750000	2.915130000	0.131270000	1.893920000	0.005760000	0.654091512	4.956130858	   	   
1.571060000	0.000001090	1.581910000	0.003480000	1.524135204	0.021409779	1.605840000	0.039720000	2.913580000	0.127430000	1.892650000	0.005350000	0.657140680	4.967147846	   	   
1.570260000	0.000001060	1.581570000	0.003660000	1.523907136	0.021494969	1.599090000	0.042020000	2.905480000	0.124830000	1.891310000	0.005020000	0.660210684	4.978216568	   	   
1.571930000	0.000001090	1.581870000	0.003200000	1.523679765	0.021580345	1.597380000	0.043080000	2.901080000	0.119430000	1.889750000	0.005920000	0.663301601	4.989336777	   	   
1.569280000	0.000001110	1.579570000	0.003350000	1.523453091	0.021665906	1.592740000	0.045240000	2.896280000	0.118450000	1.888940000	0.004600000	0.666413505	5.000508205	   	   
1.569650000	0.000001140	1.580000000	0.003380000	1.523227109	0.021751653	1.586180000	0.046990000	2.894010000	0.114170000	1.887770000	0.005490000	0.669546469	5.011730567	   	   
1.569860000	0.000001030	1.580580000	0.003460000	1.523001819	0.021837586	1.582540000	0.048320000	2.888830000	0.112220000	1.886840000	0.005290000	0.672700561	5.023003559	   	   
1.568060000	0.000001170	1.576840000	0.002880000	1.522777219	0.021923706	1.581000000	0.051650000	2.878860000	0.110200000	1.883700000	0.004410000	0.675875849	5.034326859	   	   
1.569010000	0.000001090	1.578770000	0.003200000	1.522553305	0.022010012	1.576030000	0.053370000	2.871700000	0.106050000	1.881840000	0.005650000	0.679072398	5.045700124	   	   
1.569670000	0.000001150	1.578880000	0.003000000	1.522330077	0.022096506	1.573660000	0.054850000	2.869350000	0.102530000	1.880490000	0.005700000	0.682290270	5.057122997	   	   
1.568660000	0.000001070	1.578810000	0.003330000	1.522107531	0.022183188	1.568880000	0.056380000	2.862460000	0.098000000	1.880640000	0.006860000	0.685529524	5.068595100	   	   
1.568080000	0.000001160	1.577770000	0.003190000	1.521885667	0.022270058	1.567010000	0.060390000	2.853280000	0.096290000	1.879660000	0.004990000	0.688790218	5.080116037	   	   
1.568250000	0.000001120	1.577700000	0.003090000	1.521664481	0.022357117	1.562930000	0.062050000	2.846170000	0.093130000	1.878410000	0.006170000	0.692072407	5.091685395	   	   
1.568420000	0.000001110	1.577770000	0.003100000	1.521443972	0.022444364	1.559300000	0.064000000	2.840000000	0.090580000	1.876880000	0.006400000	0.695376143	5.103302744	   	   
1.566990000	0.000001080	1.576530000	0.003160000	1.521224137	0.022531801	1.559290000	0.067570000	2.832290000	0.088170000	1.874550000	0.006170000	0.698701477	5.114967635	   	   
1.568190000	0.000001140	1.576860000	0.002870000	1.521004975	0.022619428	1.558230000	0.071300000	2.824070000	0.085880000	1.874810000	0.004990000	0.702048457	5.126679603	   	   
1.567670000	0.000001180	1.576520000	0.002920000	1.520786484	0.022707245	1.554920000	0.075210000	2.813890000	0.084080000	1.872820000	0.004100000	0.705417127	5.138438164	   	   
1.567760000	0.000001130	1.577020000	0.003100000	1.520568661	0.022795252	1.554580000	0.077260000	2.809320000	0.079640000	1.871670000	0.005780000	0.708807530	5.150242818	   	   
1.567240000	0.000001160	1.576310000	0.003020000	1.520351504	0.022883451	1.553410000	0.080620000	2.799680000	0.079990000	1.869560000	0.005610000	0.712219708	5.162093048	   	   
1.566170000	0.000001130	1.576170000	0.003380000	1.520135012	0.022971841	1.554430000	0.084140000	2.793270000	0.076970000	1.871060000	0.005140000	0.715653698	5.173988320	   	   
1.567280000	0.000001170	1.576120000	0.002980000	1.519919182	0.023060424	1.553050000	0.088440000	2.786480000	0.074920000	1.869700000	0.004250000	0.719109536	5.185928083	   	   
1.566870000	0.000001180	1.575720000	0.002980000	1.519704013	0.023149198	1.555610000	0.091070000	2.776340000	0.072100000	1.867720000	0.005690000	0.722587254	5.197911769	   	   
1.566540000	0.000001180	1.575990000	0.003210000	1.519489502	0.023238165	1.554170000	0.095520000	2.768210000	0.069960000	1.867780000	0.006520000	0.726086884	5.209938796	   	   
1.564780000	0.000001150	1.574360000	0.003230000	1.519275647	0.023327325	1.553510000	0.099830000	2.756220000	0.069190000	1.865990000	0.005280000	0.729608454	5.222008563	   	   
1.566440000	0.000001180	1.575740000	0.003160000	1.519062446	0.023416679	1.556520000	0.104140000	2.750010000	0.068080000	1.863680000	0.006050000	0.733151990	5.234120453	   	   
1.566340000	0.000001170	1.575330000	0.003050000	1.518849898	0.023506227	1.562600000	0.108360000	2.741680000	0.065020000	1.863020000	0.005890000	0.736717516	5.246273836	   	   
1.567300000	0.000001200	1.576000000	0.002970000	1.518638000	0.023595969	1.563860000	0.113390000	2.730780000	0.064320000	1.860790000	0.006060000	0.740305052	5.258468062	   	   
1.564940000	0.000001150	1.574340000	0.003200000	1.518426750	0.023685907	1.566570000	0.118470000	2.723260000	0.063090000	1.859710000	0.005660000	0.743914618	5.270702469	   	   
1.564660000	0.000001160	1.574170000	0.003240000	1.518216147	0.023776039	1.569370000	0.123560000	2.714470000	0.061470000	1.857520000	0.006000000	0.747546229	5.282976377	   	   
1.565280000	0.000001250	1.573700000	0.002870000	1.518006188	0.023866367	1.574500000	0.128390000	2.704610000	0.060490000	1.856430000	0.005750000	0.751199900	5.295289092	   	   
1.566710000	0.000001190	1.575460000	0.002970000	1.517796871	0.023956891	1.577260000	0.133570000	2.699540000	0.059400000	1.855370000	0.006190000	0.754875641	5.307639905	   	   
1.565070000	0.000001200	1.574300000	0.003170000	1.517588195	0.024047612	1.583380000	0.139220000	2.690150000	0.057970000	1.853460000	0.005950000	0.758573463	5.320028091	   	   
1.564780000	0.000001240	1.573750000	0.003090000	1.517380157	0.024138530	1.588640000	0.146900000	2.685800000	0.058190000	1.855130000	0.005220000	0.762293370	5.332452910	   	   
1.565950000	0.000001190	1.574910000	0.003100000	1.517172755	0.024229645	1.596140000	0.153090000	2.676880000	0.056950000	1.856610000	0.005350000	0.766035369	5.344913610	   	   
1.563900000	0.000001200	1.574800000	0.003780000	1.516965989	0.024320957	1.601550000	0.159790000	2.667680000	0.056330000	1.851960000	0.004270000	0.769799460	5.357409420	   	   
1.564640000	0.000001170	1.574020000	0.003250000	1.516759854	0.024412468	1.609630000	0.164610000	2.663350000	0.054900000	1.849500000	0.005550000	0.773585642	5.369939558	   	   
1.563740000	0.000001220	1.573330000	0.003360000	1.516554351	0.024504178	1.616410000	0.171950000	2.655210000	0.055240000	1.849400000	0.004580000	0.777393913	5.382503228	   	   
1.563970000	0.000001220	1.573160000	0.003220000	1.516349476	0.024596087	1.624860000	0.178850000	2.645990000	0.054810000	1.850350000	0.004660000	0.781224267	5.395099617	   	   
1.564510000	0.000001260	1.573890000	0.003280000	1.516145228	0.024688196	1.634280000	0.185520000	2.637000000	0.053660000	1.849130000	0.006660000	0.785076697	5.407727901	   	   
1.562890000	0.000001270	1.572570000	0.003420000	1.515941605	0.024780504	1.641440000	0.192950000	2.627870000	0.053770000	1.845960000	0.006970000	0.788951191	5.420387242	   	   
1.562810000	0.000001250	1.573320000	0.003730000	1.515738604	0.024873013	1.650220000	0.200850000	2.623710000	0.052800000	1.845800000	0.006180000	0.792847737	5.433076786	   	   
1.563240000	0.000001280	1.572260000	0.003170000	1.515536225	0.024965722	1.660740000	0.208160000	2.617260000	0.053100000	1.846100000	0.006300000	0.796766320	5.445795670	   	   
1.563260000	0.000001210	1.574330000	0.003940000	1.515334465	0.025058633	1.670540000	0.215370000	2.611260000	0.052060000	1.844860000	0.007250000	0.800706922	5.458543013	   	   
1.562790000	0.000001270	1.572800000	0.003540000	1.515133323	0.025151746	1.679230000	0.224780000	2.606010000	0.052500000	1.843920000	0.006450000	0.804669524	5.471317925	   	   
1.563520000	0.000001260	1.573480000	0.003510000	1.514932795	0.025245061	1.689040000	0.233640000	2.599600000	0.052540000	1.842540000	0.005360000	0.808654102	5.484119502	   	   
1.563610000	0.000001240	1.574080000	0.003710000	1.514732881	0.025338578	1.698970000	0.241160000	2.593100000	0.052080000	1.840980000	0.005160000	0.812660632	5.496946825	   	   
1.563320000	0.000001290	1.575860000	0.004510000	1.514533579	0.025432298	1.710750000	0.249570000	2.591540000	0.052110000	1.839710000	0.006290000	0.816689087	5.509798967	   	   
1.563270000	0.000001240	1.574220000	0.003920000	1.514334887	0.025526222	1.721250000	0.258540000	2.584520000	0.050900000	1.839460000	0.006250000	0.820739437	5.522674984	   	   
1.561600000	0.000001270	1.572280000	0.003830000	1.514136802	0.025620350	1.730630000	0.265500000	2.576550000	0.051700000	1.836890000	0.006400000	0.824811649	5.535573924	   	   
1.561670000	0.000001280	1.572230000	0.003830000	1.513939324	0.025714682	1.743120000	0.274160000	2.572680000	0.051960000	1.838200000	0.005680000	0.828905690	5.548494822	   	   
1.561840000	0.000001300	1.571780000	0.003600000	1.513742450	0.025809219	1.752510000	0.283600000	2.567320000	0.052100000	1.835600000	0.004870000	0.833021522	5.561436699	   	   
1.561910000	0.000001300	1.572700000	0.003890000	1.513546178	0.025903961	1.765310000	0.292040000	2.564050000	0.051590000	1.835870000	0.004520000	0.837159106	5.574398567	   	   
1.561610000	0.000001330	1.571950000	0.003760000	1.513350506	0.025998909	1.776980000	0.300240000	2.561920000	0.050960000	1.834080000	0.005870000	0.841318400	5.587379426	   	   
1.561950000	0.000001300	1.572620000	0.003890000	1.513155433	0.026094063	1.787780000	0.309030000	2.552500000	0.049590000	1.834040000	0.006660000	0.845499360	5.600378265	   	   
1.562290000	0.000001350	1.572830000	0.003830000	1.512960957	0.026189423	1.797720000	0.317780000	2.545830000	0.051660000	1.832050000	0.005940000	0.849701939	5.613394062	   	   
1.561310000	0.000001330	1.572230000	0.003980000	1.512767076	0.026284991	1.809020000	0.325490000	2.542570000	0.050350000	1.832050000	0.005930000	0.853926088	5.626425784	   	   
1.561680000	0.000001350	1.572790000	0.004070000	1.512573788	0.026380766	1.819680000	0.334310000	2.538200000	0.050250000	1.830480000	0.007000000	0.858171756	5.639472388	   	   
1.561210000	0.000001380	1.572010000	0.003970000	1.512381092	0.026476749	1.833690000	0.341320000	2.532300000	0.049130000	1.830710000	0.006640000	0.862438888	5.652532821	   	   
1.560630000	0.000001340	1.572190000	0.004290000	1.512188985	0.026572940	1.843340000	0.349770000	2.527640000	0.048790000	1.828420000	0.006410000	0.866727429	5.665606018	   	   
1.561800000	0.000001340	1.573810000	0.004440000	1.511997466	0.026669341	1.854880000	0.358210000	2.522720000	0.049450000	1.826540000	0.006490000	0.871037320	5.678690905	   	   
1.561610000	0.000001330	1.573740000	0.004480000	1.511806532	0.026765950	1.865340000	0.366140000	2.518480000	0.050830000	1.827060000	0.005220000	0.875368499	5.691786400	   	   
1.561160000	0.000001370	1.572450000	0.004160000	1.511616183	0.026862769	1.875400000	0.373860000	2.512830000	0.050200000	1.826090000	0.005520000	0.879720903	5.704891410	   	   
1.560680000	0.000001390	1.572530000	0.004410000	1.511426417	0.026959799	1.882900000	0.382430000	2.505380000	0.050700000	1.823770000	0.004470000	0.884094466	5.718004832	   	   
1.558360000	0.000001440	1.570030000	0.004370000	1.511237230	0.027057039	1.895470000	0.387580000	2.502580000	0.049040000	1.822080000	0.006080000	0.888489120	5.731125556	   	   
1.558640000	0.000001370	1.570830000	0.004580000	1.511048623	0.027154490	1.905300000	0.395640000	2.496700000	0.048890000	1.823180000	0.007060000	0.892904793	5.744252460	   	   
1.559120000	0.000001370	1.571660000	0.004740000	1.510860593	0.027252153	1.914470000	0.401990000	2.493380000	0.049030000	1.820740000	0.006660000	0.897341413	5.757384416	   	   
1.558950000	0.000001420	1.570970000	0.004540000	1.510673138	0.027350028	1.924900000	0.408270000	2.489350000	0.047450000	1.820630000	0.008060000	0.901798903	5.770520286	   	   
1.558820000	0.000001430	1.571680000	0.004900000	1.510486256	0.027448115	1.929850000	0.416600000	2.483560000	0.049390000	1.818780000	0.005200000	0.906277186	5.783658926	   	   
1.559120000	0.000001460	1.571010000	0.004470000	1.510299946	0.027546415	1.941270000	0.423050000	2.479630000	0.049370000	1.818280000	0.006510000	0.910776181	5.796799180	   	   
1.558580000	0.000001450	1.571110000	0.004750000	1.510114207	0.027644929	1.949650000	0.428680000	2.475620000	0.048550000	1.817640000	0.006420000	0.915295805	5.809939888	   	   
1.558200000	0.000001440	1.571490000	0.005110000	1.509929035	0.027743657	1.958470000	0.434930000	2.471380000	0.049200000	1.815890000	0.006250000	0.919835973	5.823079880	   	   
1.559340000	0.000001420	1.572400000	0.004970000	1.509744430	0.027842598	1.968540000	0.440320000	2.466550000	0.049310000	1.815580000	0.005150000	0.924396597	5.836217981	   	   
1.558070000	0.000001450	1.570950000	0.004960000	1.509560390	0.027941755	1.977020000	0.444960000	2.463390000	0.049590000	1.811820000	0.005370000	0.928977587	5.849353005	   	   
1.557130000	0.000001470	1.570410000	0.005100000	1.509376913	0.028041127	1.984050000	0.452770000	2.460660000	0.049240000	1.812660000	0.006330000	0.933578850	5.862483762	   	   
1.558270000	0.000001410	1.571490000	0.005050000	1.509193997	0.028140715	1.992450000	0.457500000	2.453070000	0.050700000	1.810230000	0.004520000	0.938200291	5.875609055	   	   
1.557350000	0.000001430	1.570900000	0.005250000	1.509011641	0.028240519	2.001500000	0.461690000	2.451320000	0.049790000	1.810730000	0.005860000	0.942841813	5.888727680	   	   
1.558260000	0.000001470	1.571540000	0.005110000	1.508829843	0.028340539	2.008930000	0.467230000	2.445360000	0.049730000	1.809550000	0.004970000	0.947503316	5.901838426	   	   
1.557350000	0.000001470	1.571390000	0.005470000	1.508648600	0.028440777	2.018650000	0.471920000	2.442280000	0.048940000	1.806380000	0.005330000	0.952184697	5.914940077	   	   
1.557250000	0.000001470	1.571150000	0.005400000	1.508467913	0.028541232	2.026160000	0.476840000	2.439840000	0.049680000	1.807490000	0.005090000	0.956885852	5.928031410	   	   
1.557290000	0.000001450	1.571480000	0.005510000	1.508287778	0.028641906	2.033700000	0.481360000	2.435940000	0.049550000	1.805430000	0.005270000	0.961606674	5.941111199	   	   
1.555840000	0.000001450	1.570590000	0.005770000	1.508108195	0.028742798	2.043110000	0.485280000	2.431650000	0.048500000	1.804470000	0.005240000	0.966347053	5.954178209	   	   
1.557240000	0.000001450	1.571450000	0.005560000	1.507929160	0.028843909	2.049580000	0.489490000	2.428690000	0.048750000	1.804770000	0.006600000	0.971106877	5.967231202	   	   
1.556550000	0.000001470	1.570770000	0.005610000	1.507750674	0.028945239	2.058320000	0.494660000	2.423270000	0.048820000	1.804080000	0.005850000	0.975886031	5.980268935	   	   
1.556340000	0.000001450	1.571250000	0.005890000	1.507572734	0.029046790	2.065560000	0.499460000	2.420470000	0.048950000	1.801240000	0.005290000	0.980684400	5.993290160	   	   
1.555070000	0.000001490	1.570090000	0.005960000	1.507395338	0.029148561	2.077470000	0.501930000	2.417170000	0.047900000	1.802310000	0.005660000	0.985501863	6.006293624	   	   
1.555590000	0.000001430	1.570830000	0.006040000	1.507218484	0.029250553	2.083290000	0.506930000	2.413420000	0.049210000	1.800420000	0.005870000	0.990338300	6.019278071	   	   
1.556150000	0.000001460	1.571600000	0.006150000	1.507042172	0.029352766	2.091910000	0.512610000	2.411690000	0.050570000	1.800010000	0.005210000	0.995193585	6.032242240	   	   
1.556460000	0.000001530	1.571590000	0.006040000	1.506866399	0.029455202	2.101210000	0.515360000	2.408270000	0.050370000	1.798600000	0.005440000	1.000067592	6.045184866	   	   
1.555660000	0.000001520	1.571340000	0.006270000	1.506691165	0.029557859	2.110770000	0.519330000	2.405730000	0.050070000	1.797550000	0.005060000	1.004960194	6.058104682	   	   
1.556110000	0.000001440	1.571480000	0.006130000	1.506516466	0.029660740	2.119540000	0.524010000	2.402200000	0.050240000	1.797430000	0.005250000	1.009871257	6.071000417	   	   
1.555040000	0.000001510	1.571090000	0.006480000	1.506342301	0.029763844	2.129390000	0.527110000	2.399550000	0.049780000	1.795650000	0.005090000	1.014800649	6.083870796	   	   
1.555500000	0.000001520	1.571750000	0.006550000	1.506168670	0.029867172	2.137970000	0.531360000	2.396910000	0.050640000	1.796400000	0.005760000	1.019748233	6.096714542	   	   
1.555140000	0.000001560	1.570990000	0.006420000	1.505995570	0.029970724	2.148780000	0.533620000	2.394190000	0.050230000	1.795700000	0.006520000	1.024713871	6.109530376	   	   
1.554840000	0.000001500	1.571150000	0.006620000	1.505822999	0.030074501	2.156450000	0.538780000	2.393070000	0.051120000	1.795130000	0.005250000	1.029697421	6.122317017	   	   
1.554890000	0.000001570	1.571200000	0.006620000	1.505650956	0.030178503	2.168740000	0.541580000	2.391100000	0.050650000	1.793800000	0.005520000	1.034698741	6.135073180	   	   
1.554980000	0.000001580	1.571080000	0.006570000	1.505479440	0.030282731	2.176710000	0.545660000	2.388190000	0.050780000	1.792590000	0.006740000	1.039717684	6.147797581	   	   
1.555520000	0.000001610	1.571840000	0.006680000	1.505308448	0.030387185	2.188110000	0.548410000	2.388100000	0.051070000	1.792320000	0.006290000	1.044754102	6.160488931	   	   
1.555070000	0.000001600	1.571460000	0.006710000	1.505137980	0.030491866	2.197600000	0.551670000	2.385220000	0.050510000	1.792010000	0.006060000	1.049807845	6.173145943	   	   
1.554570000	0.000001530	1.571780000	0.007030000	1.504968033	0.030596775	2.208310000	0.553410000	2.382720000	0.050820000	1.790970000	0.007170000	1.054878759	6.185767328	   	   
1.554910000	0.000001600	1.571700000	0.006910000	1.504798606	0.030701911	2.219100000	0.556770000	2.382140000	0.051050000	1.791870000	0.005900000	1.059966688	6.198351796	   	   
1.555780000	0.000001580	1.572890000	0.007050000	1.504629697	0.030807275	2.230830000	0.559410000	2.381480000	0.050910000	1.791770000	0.006310000	1.065071476	6.210898055	   	   
1.555530000	0.000001650	1.572360000	0.006930000	1.504461305	0.030912868	2.240310000	0.561560000	2.379000000	0.050690000	1.789190000	0.005500000	1.070192961	6.223404816	   	   
1.555190000	0.000001610	1.572190000	0.007040000	1.504293429	0.031018690	2.251260000	0.562380000	2.377220000	0.049670000	1.788260000	0.007020000	1.075330980	6.235870788	   	   
1.553830000	0.000001630	1.571120000	0.007210000	1.504126066	0.031124742	2.258810000	0.564580000	2.374880000	0.050080000	1.788420000	0.006860000	1.080485369	6.248294680	   	   
1.555470000	0.000001630	1.572930000	0.007240000	1.503959214	0.031231025	2.271360000	0.565910000	2.375570000	0.049860000	1.787120000	0.006670000	1.085655960	6.260675202	   	   
1.554940000	0.000001650	1.572660000	0.007370000	1.503792874	0.031337538	2.282170000	0.566720000	2.373340000	0.048920000	1.787610000	0.005530000	1.090842583	6.273011066	   	   
1.553920000	0.000001610	1.571950000	0.007520000	1.503627042	0.031444282	2.292950000	0.566660000	2.370450000	0.048720000	1.786640000	0.006700000	1.096045065	6.285300983	   	   
1.554630000	0.000001640	1.572530000	0.007480000	1.503461718	0.031551258	2.303340000	0.566810000	2.368790000	0.047460000	1.785510000	0.007210000	1.101263231	6.297543667	   	   
1.555080000	0.000001580	1.573290000	0.007620000	1.503296900	0.031658467	2.309330000	0.568380000	2.367100000	0.048220000	1.785570000	0.005240000	1.106496904	6.309737834	   	   
1.554870000	0.000001670	1.573280000	0.007720000	1.503132585	0.031765908	2.320600000	0.565790000	2.364850000	0.047130000	1.785960000	0.006380000	1.111745905	6.321882199	   	   
1.555100000	0.000001620	1.573570000	0.007770000	1.502968774	0.031873582	2.331550000	0.564390000	2.362550000	0.044680000	1.784130000	0.006650000	1.117010051	6.333975482	   	   
1.555690000	0.000001690	1.574250000	0.007800000	1.502805464	0.031981490	2.338130000	0.564510000	2.361580000	0.044560000	1.783400000	0.006780000	1.122289157	6.346016405	   	   
1.553860000	0.000001610	1.572870000	0.008060000	1.502642653	0.032089632	2.348690000	0.561820000	2.357950000	0.043680000	1.782570000	0.006820000	1.127583038	6.358003692	   	   
1.554490000	0.000001640	1.573530000	0.008070000	1.502480340	0.032198009	2.356700000	0.560380000	2.355160000	0.044170000	1.781970000	0.005610000	1.132891502	6.369936070	   	   
1.555640000	0.000001640	1.574790000	0.008120000	1.502318524	0.032306622	2.364650000	0.557390000	2.352670000	0.042990000	1.781030000	0.006140000	1.138214359	6.381812271	   	   
1.555170000	0.000001650	1.574210000	0.008090000	1.502157203	0.032415470	2.369200000	0.556070000	2.350290000	0.042180000	1.780140000	0.004570000	1.143551414	6.393631027	   	   
1.554990000	0.000001750	1.573580000	0.007910000	1.501996376	0.032524555	2.377740000	0.552490000	2.348800000	0.041610000	1.780880000	0.005170000	1.148902471	6.405391077	   	   
1.555010000	0.000001660	1.574340000	0.008270000	1.501836041	0.032633876	2.384080000	0.548400000	2.345940000	0.039570000	1.778590000	0.006170000	1.154267330	6.417091164	   	   
1.555100000	0.000001670	1.574780000	0.008410000	1.501676196	0.032743435	2.391120000	0.545150000	2.340470000	0.040290000	1.778100000	0.005460000	1.159645790	6.428730033	   	   
1.554510000	0.000001680	1.573700000	0.008240000	1.501516840	0.032853231	2.398420000	0.540490000	2.338180000	0.039570000	1.778350000	0.005680000	1.165037646	6.440306436	   	   
1.555400000	0.000001720	1.575120000	0.008460000	1.501357972	0.032963266	2.401240000	0.535720000	2.333140000	0.037550000	1.777950000	0.007590000	1.170442694	6.451819129	   	   
1.554940000	0.000001680	1.574650000	0.008460000	1.501199590	0.033073540	2.405940000	0.531180000	2.333130000	0.037930000	1.777250000	0.006260000	1.175860723	6.463266873	   	   
1.555430000	0.000001750	1.574840000	0.008380000	1.501041692	0.033184053	2.410690000	0.526820000	2.329990000	0.038280000	1.776450000	0.005270000	1.181291523	6.474648435	   	   
1.555170000	0.000001680	1.575340000	0.008700000	1.500884278	0.033294806	2.416070000	0.520650000	2.326040000	0.036940000	1.776340000	0.005860000	1.186734881	6.485962589	   	   
1.555060000	0.000001740	1.575320000	0.008790000	1.500727345	0.033405800	2.416690000	0.515210000	2.323380000	0.035550000	1.775470000	0.005860000	1.192190579	6.497208113	   	   
1.554940000	0.000001740	1.575020000	0.008710000	1.500570892	0.033517035	2.417710000	0.509720000	2.320340000	0.036560000	1.775500000	0.005930000	1.197658400	6.508383792	   	   
1.555080000	0.000001770	1.575010000	0.008700000	1.500414918	0.033628511	2.420170000	0.505240000	2.317720000	0.035960000	1.774470000	0.005180000	1.203138122	6.519488419	   	   
1.554920000	0.000001680	1.575720000	0.009080000	1.500259421	0.033740229	2.420220000	0.498640000	2.316050000	0.035680000	1.774180000	0.005110000	1.208629523	6.530520792	   	   
1.554570000	0.000001740	1.575040000	0.008960000	1.500104400	0.033852189	2.419460000	0.493360000	2.312860000	0.034730000	1.773430000	0.006350000	1.214132377	6.541479719	   	   
1.554350000	0.000001760	1.574730000	0.008910000	1.499949853	0.033964393	2.419040000	0.486650000	2.310340000	0.034190000	1.771650000	0.006520000	1.219646456	6.552364012	   	   
1.556110000	0.000001780	1.577160000	0.009230000	1.499795779	0.034076840	2.418070000	0.481160000	2.305130000	0.034150000	1.773490000	0.005040000	1.225171528	6.563172495	   	   
1.555090000	0.000001700	1.576390000	0.009350000	1.499642176	0.034189532	2.414930000	0.475660000	2.305930000	0.033480000	1.771040000	0.005810000	1.230707362	6.573903997	   	   
1.554280000	0.000001740	1.575710000	0.009470000	1.499489044	0.034302468	2.412410000	0.470590000	2.301500000	0.031890000	1.770660000	0.004520000	1.236253721	6.584557358	   	   
1.553130000	0.000001810	1.574330000	0.009400000	1.499336379	0.034415649	2.408990000	0.464040000	2.298390000	0.032130000	1.769370000	0.006380000	1.241810369	6.595131423	   	   
1.554660000	0.000001770	1.575900000	0.009410000	1.499184182	0.034529076	2.407430000	0.458990000	2.296060000	0.032330000	1.769030000	0.005570000	1.247377064	6.605625051	   	   
1.554700000	0.000001810	1.575460000	0.009180000	1.499032451	0.034642749	2.404590000	0.452590000	2.293410000	0.030640000	1.769100000	0.005270000	1.252953564	6.616037107	   	   
1.553770000	0.000001820	1.575390000	0.009630000	1.498881183	0.034756669	2.398480000	0.448180000	2.290680000	0.029960000	1.768130000	0.005180000	1.258539624	6.626366468	   	   
1.554560000	0.000001810	1.575870000	0.009490000	1.498730379	0.034870837	2.395640000	0.442430000	2.286970000	0.029360000	1.768430000	0.005490000	1.264134997	6.636612018	   	   
1.553380000	0.000001840	1.574610000	0.009510000	1.498580036	0.034985252	2.386270000	0.439740000	2.285400000	0.028630000	1.766610000	0.004830000	1.269739433	6.646772655	   	   
1.553480000	0.000001880	1.574870000	0.009640000	1.498430153	0.035099916	2.383410000	0.433800000	2.281540000	0.028480000	1.765700000	0.005670000	1.275352678	6.656847285	   	   
1.554430000	0.000001860	1.575940000	0.009640000	1.498280728	0.035214828	2.377000000	0.429560000	2.279060000	0.027880000	1.764620000	0.004770000	1.280974480	6.666834826	   	   
1.554680000	0.000001860	1.576110000	0.009620000	1.498131761	0.035329990	2.371100000	0.425110000	2.273270000	0.028940000	1.764720000	0.005190000	1.286604579	6.676734208	   	   
1.553740000	0.000001900	1.574730000	0.009460000	1.497983249	0.035445402	2.367380000	0.421870000	2.271980000	0.025360000	1.764270000	0.007180000	1.292242718	6.686544371	   	   
1.554820000	0.000001960	1.576480000	0.009790000	1.497835192	0.035561065	2.363850000	0.416070000	2.269530000	0.025940000	1.763720000	0.005990000	1.297888633	6.696264268	   	   
1.553410000	0.000001840	1.575730000	0.010130000	1.497687587	0.035676979	2.353960000	0.414990000	2.265590000	0.027510000	1.762660000	0.005140000	1.303542061	6.705892865	   	   
1.552650000	0.000001850	1.575430000	0.010360000	1.497540435	0.035793144	2.349230000	0.411620000	2.263690000	0.026050000	1.762910000	0.006090000	1.309202735	6.715429139	   	   
1.552660000	0.000001780	1.575710000	0.010480000	1.497393732	0.035909562	2.340350000	0.410600000	2.261620000	0.025200000	1.761160000	0.004310000	1.314870385	6.724872081	   	   
1.554270000	0.000002010	1.575500000	0.009690000	1.497247478	0.036026232	2.336970000	0.406170000	2.259820000	0.024350000	1.761490000	0.006350000	1.320544739	6.734220695	   	   
1.553970000	0.000002000	1.575470000	0.009830000	1.497101672	0.036143155	2.334540000	0.403440000	2.256380000	0.024560000	1.761720000	0.005560000	1.326225524	6.743473997	   	   
1.552080000	0.000001950	1.574180000	0.010190000	1.496956312	0.036260333	2.323150000	0.402420000	2.250600000	0.025570000	1.759520000	0.006240000	1.331912463	6.752631021	   	   
1.553380000	0.000002000	1.575300000	0.010080000	1.496811397	0.036377765	2.322190000	0.401050000	2.249080000	0.023870000	1.758920000	0.005550000	1.337605277	6.761690810	   	   
1.553690000	0.000001890	1.576330000	0.010400000	1.496666924	0.036495452	2.316860000	0.398770000	2.248420000	0.023620000	1.760400000	0.006780000	1.343303685	6.770652425	   	   
1.552990000	0.000001990	1.575040000	0.010190000	1.496522894	0.036613394	2.311670000	0.399220000	2.246780000	0.023700000	1.757790000	0.006390000	1.349007403	6.779514942	   	   
1.553950000	0.000002000	1.576430000	0.010420000	1.496379305	0.036731592	2.307550000	0.398100000	2.241710000	0.024570000	1.757760000	0.005340000	1.354716145	6.788277450	   	   
1.554790000	0.000001970	1.577340000	0.010380000	1.496236155	0.036850047	2.302890000	0.395890000	2.240300000	0.022550000	1.756930000	0.007040000	1.360429621	6.796939055	   	   
1.553710000	0.000001920	1.576630000	0.010600000	1.496093443	0.036968759	2.297680000	0.397480000	2.238440000	0.022690000	1.756950000	0.007190000	1.366147542	6.805498879	   	   
1.554460000	0.000002030	1.577050000	0.010470000	1.495951167	0.037087729	2.294670000	0.398310000	2.233570000	0.025170000	1.757440000	0.005150000	1.371869614	6.813956059	   	   
1.553950000	0.000001980	1.577300000	0.010890000	1.495809327	0.037206957	2.292130000	0.398970000	2.234250000	0.023440000	1.757120000	0.007370000	1.377595540	6.822309751	   	   
1.554690000	0.000002070	1.577210000	0.010490000	1.495667921	0.037326444	2.290980000	0.397760000	2.231570000	0.023910000	1.754970000	0.006590000	1.383325023	6.830559126	   	   
1.554380000	0.000001930	1.577060000	0.010530000	1.495526947	0.037446191	2.291530000	0.398760000	2.229320000	0.022460000	1.756670000	0.007400000	1.389057762	6.838703371	   	   
1.555850000	0.000002060	1.578690000	0.010630000	1.495386405	0.037566197	2.289020000	0.400650000	2.226650000	0.023890000	1.755380000	0.006230000	1.394793453	6.846741694	   	   
1.555360000	0.000001990	1.578820000	0.010950000	1.495246292	0.037686464	2.291750000	0.401020000	2.224850000	0.022770000	1.755460000	0.006620000	1.400531791	6.854673318	   	   
1.555310000	0.000002080	1.578560000	0.010900000	1.495106609	0.037806992	2.290350000	0.402270000	2.226820000	0.022320000	1.755250000	0.005360000	1.406272469	6.862497486	   	   
1.556450000	0.000002030	1.579070000	0.010570000	1.494967352	0.037927782	2.290800000	0.404430000	2.220030000	0.023690000	1.753940000	0.004860000	1.412015175	6.870213458	   	   
1.556790000	0.000002100	1.579460000	0.010640000	1.494828522	0.038048834	2.293900000	0.403770000	2.220030000	0.020650000	1.756190000	0.008180000	1.417759597	6.877820516	   	   
1.558310000	0.000002020	1.581130000	0.010610000	1.494690117	0.038170149	2.296070000	0.406510000	2.217960000	0.022770000	1.756250000	0.005330000	1.423505420	6.885317957	   	   
1.557300000	0.000001970	1.580340000	0.010740000	1.494552134	0.038291727	2.297560000	0.407960000	2.218050000	0.020790000	1.756810000	0.006810000	1.429252326	6.892705102	   	   
1.558600000	0.000002020	1.582020000	0.010960000	1.494414575	0.038413569	2.299920000	0.412050000	2.218040000	0.021330000	1.755930000	0.005760000	1.434999995	6.899981289	   	   
1.558240000	0.000002020	1.582440000	0.011340000	1.494277435	0.038535675	2.306500000	0.411650000	2.214680000	0.019810000	1.756070000	0.007170000	1.440748104	6.907145877	   	   
1.560060000	0.000001990	1.584000000	0.011190000	1.494140716	0.038658047	2.311960000	0.414370000	2.212570000	0.020020000	1.755540000	0.006480000	1.446496329	6.914198246	   	   
1.559910000	0.000001980	1.583890000	0.011240000	1.494004415	0.038780685	2.315790000	0.416710000	2.210260000	0.020080000	1.756740000	0.006260000	1.452244342	6.921137799	   	   
1.560660000	0.000002080	1.583470000	0.011180000	1.493868530	0.038903588	2.322510000	0.418170000	2.210200000	0.020190000	1.755660000	0.006090000	1.457991813	6.927963957	   	   
1.560710000	0.000002030	1.586040000	0.011260000	1.493733062	0.039026759	2.327170000	0.420680000	2.209050000	0.020090000	1.756760000	0.006450000	1.463738411	6.934676165	   	   
1.563590000	0.000002000	1.584320000	0.011640000	1.493598008	0.039150196	2.335540000	0.423760000	2.206790000	0.020280000	1.756800000	0.005310000	1.469483801	6.941273889	   	   
1.562560000	0.000002060	1.587550000	0.011120000	1.493463367	0.039273902	2.344540000	0.424140000	2.205890000	0.020470000	1.759570000	0.005470000	1.475227645	6.947756620	   	   
1.563650000	0.000002020	1.586490000	0.011020000	1.493329138	0.039397877	2.355250000	0.423800000	2.204420000	0.016980000	1.758950000	0.007740000	1.480969604	6.954123868	   	   
1.564030000	0.000001950	1.587320000	0.012000000	1.493195320	0.039522120	2.360670000	0.427180000	2.200780000	0.018630000	1.759020000	0.006620000	1.486709337	6.960375169	   	   
1.565210000	0.000002010	1.588480000	0.011820000	1.493061911	0.039646634	2.368340000	0.428700000	2.201620000	0.017210000	1.759240000	0.007690000	1.492446499	6.966510082	   	   
1.567170000	0.000002010	1.590120000	0.011180000	1.492928911	0.039771417	2.380050000	0.429290000	2.200810000	0.017210000	1.760670000	0.007400000	1.498180744	6.972528191	   	   
1.568780000	0.000002050	1.591350000	0.010420000	1.492796317	0.039896472	2.391880000	0.428740000	2.198110000	0.017810000	1.762360000	0.007050000	1.503911722	6.978429102	   	   
1.568520000	0.000001900	1.591290000	0.011860000	1.492664129	0.040021798	2.401910000	0.431150000	2.198130000	0.015990000	1.762860000	0.008360000	1.509639081	6.984212447	   	   
1.570820000	0.000002000	1.592950000	0.011100000	1.492532345	0.040147396	2.408590000	0.433430000	2.195750000	0.016200000	1.763090000	0.008140000	1.515362469	6.989877884	   	   
1.570670000	0.000002050	1.595650000	0.010840000	1.492400965	0.040273267	2.423290000	0.432200000	2.198510000	0.014710000	1.763600000	0.009180000	1.521081528	6.995425096	   	   
1.572350000	0.000001900	1.594060000	0.012000000	1.492269986	0.040399411	2.433090000	0.433890000	2.195410000	0.015330000	1.762720000	0.007970000	1.526795900	7.000853790	   	   
1.574090000	0.000002030	1.598460000	0.011080000	1.492139408	0.040525829	2.445820000	0.434750000	2.197680000	0.014420000	1.765500000	0.008120000	1.532505223	7.006163702	   	   
1.575610000	0.000001990	1.597900000	0.011210000	1.492009230	0.040652521	2.458320000	0.433960000	2.196960000	0.014600000	1.764880000	0.007810000	1.538209135	7.011354593	   	   
1.575730000	0.000001950	1.600610000	0.011620000	1.491879450	0.040779489	2.469170000	0.435160000	2.192730000	0.014140000	1.766040000	0.009050000	1.543907268	7.016426252	   	   
1.577780000	0.000001880	1.600940000	0.011410000	1.491750067	0.040906732	2.482290000	0.434700000	2.191150000	0.015360000	1.769490000	0.008480000	1.549599254	7.021378493	   	   
1.577390000	0.000001940	1.605340000	0.011740000	1.491621080	0.041034251	2.492360000	0.431290000	2.194140000	0.012000000	1.770540000	0.009410000	1.555284723	7.026211161	   	   
1.579610000	0.000001840	1.606780000	0.011730000	1.491492487	0.041162047	2.506440000	0.436550000	2.193230000	0.013490000	1.770840000	0.008480000	1.560963301	7.030924128	   	   
1.581310000	0.000001760	1.604640000	0.012360000	1.491364288	0.041290121	2.518540000	0.431790000	2.191210000	0.013550000	1.774800000	0.009850000	1.566634613	7.035517293	   	   
1.582760000	0.000001850	1.607590000	0.011790000	1.491236481	0.041418472	2.528200000	0.432960000	2.190110000	0.014390000	1.772640000	0.007410000	1.572298280	7.039990585	   	   
1.583840000	0.000001760	1.612740000	0.012410000	1.491109066	0.041547103	2.540380000	0.432540000	2.190120000	0.013840000	1.771210000	0.009010000	1.577953922	7.044343963	   	   
1.585380000	0.000001710	1.609870000	0.012270000	1.490982040	0.041676012	2.558010000	0.428470000	2.189050000	0.012250000	1.775050000	0.009530000	1.583601155	7.048577416	   	   
1.587250000	0.000001850	1.612180000	0.011210000	1.490855402	0.041805202	2.565890000	0.428350000	2.187580000	0.012880000	1.776580000	0.009460000	1.589239595	7.052690960	   	   
1.589130000	0.000001920	1.613000000	0.011120000	1.490729152	0.041934672	2.572980000	0.426680000	2.187730000	0.013360000	1.777510000	0.008850000	1.594868853	7.056684645	   	   
1.590420000	0.000001810	1.616250000	0.011330000	1.490603289	0.042064423	2.584600000	0.423990000	2.187050000	0.013100000	1.776330000	0.010160000	1.600488540	7.060558550	   	   
1.591970000	0.000001740	1.616130000	0.011710000	1.490477810	0.042194456	2.596530000	0.422270000	2.191360000	0.011830000	1.780360000	0.008950000	1.606098262	7.064312786	   	   
1.593490000	0.000001740	1.619230000	0.011730000	1.490352715	0.042324771	2.607230000	0.420080000	2.187740000	0.015030000	1.781780000	0.008780000	1.611697625	7.067947496	   	   
1.594820000	0.000001870	1.620370000	0.011120000	1.490228003	0.042455369	2.615670000	0.415720000	2.188750000	0.013210000	1.783290000	0.008300000	1.617286231	7.071462853	   	   
1.597140000	0.000001720	1.622090000	0.011220000	1.490103673	0.042586250	2.629340000	0.410270000	2.186840000	0.010520000	1.784420000	0.010240000	1.622863680	7.074859064	   	   
1.596930000	0.000001680	1.625370000	0.012260000	1.489979723	0.042717416	2.636500000	0.409590000	2.186020000	0.011630000	1.784510000	0.010800000	1.628429570	7.078136370	   	   
1.598870000	0.000001720	1.625160000	0.011440000	1.489856152	0.042848866	2.650770000	0.403970000	2.189860000	0.010100000	1.786030000	0.010190000	1.633983496	7.081295044	   	   
1.600970000	0.000001690	1.626410000	0.012220000	1.489732959	0.042980602	2.659490000	0.401250000	2.189560000	0.011860000	1.786370000	0.010110000	1.639525050	7.084335391	   	   
1.601520000	0.000001720	1.629510000	0.011940000	1.489610143	0.043112624	2.668100000	0.398280000	2.188830000	0.010450000	1.786720000	0.007100000	1.645053824	7.087257754	   	   
1.603600000	0.000001610	1.629550000	0.012110000	1.489487703	0.043244932	2.674380000	0.392670000	2.187970000	0.011190000	1.790230000	0.010560000	1.650569405	7.090062506	   	   
1.604380000	0.000001650	1.629420000	0.011650000	1.489365638	0.043377528	2.682600000	0.391630000	2.189010000	0.011330000	1.790290000	0.009260000	1.656071379	7.092750058	   	   
1.606960000	0.000001560	1.631700000	0.012100000	1.489243946	0.043510411	2.685720000	0.387640000	2.188500000	0.011370000	1.793910000	0.008410000	1.661559329	7.095320856	   	   
1.609090000	0.000001550	1.633940000	0.012080000	1.489122626	0.043643583	2.698310000	0.378180000	2.188600000	0.009050000	1.794960000	0.010420000	1.667032836	7.097775380	   	   
1.608970000	0.000001580	1.638220000	0.011530000	1.489001678	0.043777044	2.701350000	0.375800000	2.191450000	0.010250000	1.794490000	0.010440000	1.672491477	7.100114147	   	   
1.610390000	0.000001650	1.635980000	0.011600000	1.488881099	0.043910795	2.707780000	0.370650000	2.187830000	0.009070000	1.793220000	0.012290000	1.677934829	7.102337712	   	   
1.610910000	0.000001620	1.639360000	0.011650000	1.488760889	0.044044836	2.708860000	0.367950000	2.186870000	0.010690000	1.793530000	0.012110000	1.683362466	7.104446665	   	   
1.613340000	0.000001460	1.641150000	0.012300000	1.488641048	0.044179169	2.720090000	0.361270000	2.187130000	0.010420000	1.796900000	0.011460000	1.688773958	7.106441633	   	   
1.613580000	0.000001580	1.643740000	0.011450000	1.488521572	0.044313793	2.720920000	0.358910000	2.184890000	0.011290000	1.799420000	0.009590000	1.694168873	7.108323283	   	   
1.615700000	0.000001580	1.643750000	0.011770000	1.488402463	0.044448709	2.728070000	0.349740000	2.184820000	0.008530000	1.801780000	0.010640000	1.699546779	7.110092318	   	   
1.617270000	0.000001440	1.642520000	0.012120000	1.488283717	0.044583918	2.730490000	0.348590000	2.188390000	0.011970000	1.801250000	0.011100000	1.704907239	7.111749482	   	   
1.618970000	0.000001420	1.645450000	0.011820000	1.488165335	0.044719421	2.732650000	0.343550000	2.184050000	0.010480000	1.800590000	0.010880000	1.710249814	7.113295555	   	   
1.619150000	0.000001440	1.650620000	0.011840000	1.488047316	0.044855217	2.740510000	0.336720000	2.185190000	0.009620000	1.801300000	0.011600000	1.715574064	7.114731358	   	   
1.621210000	0.000001460	1.648050000	0.012280000	1.487929657	0.044991309	2.738820000	0.334020000	2.187260000	0.010270000	1.802320000	0.009560000	1.720879544	7.116057753	   	   
1.621930000	0.000001380	1.652540000	0.012280000	1.487812358	0.045127696	2.741350000	0.330050000	2.183100000	0.008110000	1.801670000	0.010880000	1.726165809	7.117275640	   	   
1.622920000	0.000001440	1.653740000	0.011670000	1.487695418	0.045264379	2.745000000	0.323650000	2.184450000	0.006260000	1.801710000	0.012000000	1.731432411	7.118385962	   	   
1.625330000	0.000001510	1.649950000	0.011770000	1.487578836	0.045401359	2.745610000	0.320450000	2.184220000	0.011970000	1.806250000	0.009240000	1.736678898	7.119389702	   	   
1.625640000	0.000001470	1.655500000	0.011610000	1.487462611	0.045538637	2.751010000	0.314600000	2.177730000	0.010220000	1.805160000	0.009880000	1.741904818	7.120287883	   	   
1.627380000	0.000001510	1.655910000	0.011480000	1.487346741	0.045676212	2.754410000	0.310660000	2.184640000	0.009070000	1.805920000	0.010990000	1.747109715	7.121081574	   	   
1.627790000	0.000001330	1.654500000	0.012640000	1.487231226	0.045814086	2.750560000	0.306290000	2.181370000	0.006460000	1.808980000	0.009670000	1.752293131	7.121771882	   	   
1.628830000	0.000001410	1.655410000	0.011730000	1.487116064	0.045952259	2.753000000	0.300900000	2.184590000	0.007450000	1.809060000	0.012150000	1.757454606	7.122359961	   	   
1.629770000	0.000001320	1.656730000	0.012460000	1.487001254	0.046090733	2.752070000	0.298380000	2.180500000	0.011760000	1.810720000	0.008780000	1.762593677	7.122847005	   	   
1.630990000	0.000001380	1.658560000	0.012290000	1.486886796	0.046229507	2.755200000	0.294300000	2.180910000	0.011290000	1.808310000	0.011230000	1.767709878	7.123234253	   	   
1.631670000	0.000001400	1.657200000	0.011000000	1.486772688	0.046368582	2.753340000	0.290380000	2.182870000	0.009500000	1.807500000	0.009950000	1.772802742	7.123522990	   	   
1.633890000	0.000001400	1.660660000	0.011330000	1.486658929	0.046507959	2.757370000	0.285710000	2.180550000	0.009730000	1.810480000	0.008960000	1.777871799	7.123714541	   	   
1.634010000	0.000001320	1.664340000	0.011440000	1.486545518	0.046647639	2.757200000	0.279780000	2.178910000	0.008230000	1.812470000	0.011970000	1.782916577	7.123810282	   	   
1.633820000	0.000001450	1.663840000	0.012050000	1.486432454	0.046787622	2.756460000	0.275460000	2.178720000	0.010510000	1.812040000	0.010180000	1.787936599	7.123811629	   	   
1.636060000	0.000001240	1.663420000	0.012530000	1.486319736	0.046927909	2.759110000	0.270320000	2.177650000	0.006650000	1.809040000	0.012400000	1.792931390	7.123720049	   	   
1.636900000	0.000001330	1.666160000	0.011650000	1.486207363	0.047068500	2.759170000	0.266630000	2.182230000	0.008660000	1.812210000	0.013320000	1.797900469	7.123537051	   	   
1.637670000	0.000001290	1.666110000	0.012600000	1.486095333	0.047209397	2.758430000	0.264330000	2.180410000	0.009300000	1.813720000	0.010160000	1.802843354	7.123264193	   	   
1.638370000	0.000001280	1.663490000	0.012190000	1.485983646	0.047350600	2.757780000	0.258810000	2.176020000	0.008030000	1.814070000	0.010250000	1.807759560	7.122903081	   	   
1.639340000	0.000001290	1.666970000	0.011670000	1.485872301	0.047492109	2.756340000	0.254560000	2.176030000	0.007910000	1.813570000	0.012100000	1.812648601	7.122455367	   	   
1.638840000	0.000001270	1.664980000	0.011830000	1.485761297	0.047633925	2.756140000	0.248930000	2.175120000	0.007560000	1.811970000	0.011820000	1.817509987	7.121922752	   	   
1.639230000	0.000001400	1.668600000	0.011420000	1.485650632	0.047776050	2.756130000	0.247040000	2.176640000	0.007850000	1.816130000	0.012160000	1.822343225	7.121306987	   	   
1.641190000	0.000001230	1.667600000	0.012200000	1.485540306	0.047918482	2.754230000	0.242660000	2.173990000	0.010060000	1.812980000	0.008240000	1.827147823	7.120609869	   	   
1.641940000	0.000001230	1.668670000	0.012220000	1.485430318	0.048061224	2.755020000	0.236240000	2.174770000	0.009370000	1.813280000	0.013120000	1.831923283	7.119833247	   	   
1.641570000	0.000001250	1.668070000	0.012150000	1.485320666	0.048204276	2.756950000	0.230140000	2.177110000	0.006650000	1.816130000	0.014170000	1.836669105	7.118979020	   	   
1.641120000	0.000001370	1.670300000	0.012180000	1.485211349	0.048347639	2.749130000	0.228640000	2.177310000	0.009530000	1.815240000	0.010730000	1.841384790	7.118049136	   	   
1.642250000	0.000001250	1.672700000	0.011980000	1.485102367	0.048491313	2.749200000	0.222770000	2.172860000	0.008380000	1.814010000	0.009660000	1.846069831	7.117045595	   	   
1.644070000	0.000001160	1.670380000	0.012730000	1.484993718	0.048635299	2.749540000	0.218950000	2.174980000	0.009600000	1.815410000	0.009340000	1.850723724	7.115970450	   	   
1.644190000	0.000001280	1.675690000	0.012420000	1.484885402	0.048779597	2.745520000	0.215250000	2.174980000	0.009810000	1.815410000	0.005250000	1.855345958	7.114825801	   	   
1.645060000	0.000001280	1.672220000	0.012080000	1.484777417	0.048924208	2.742710000	0.211030000	2.168860000	0.009620000	1.816030000	0.008580000	1.859936024	7.113613806	   	   
1.645900000	0.000001160	1.675230000	0.012480000	1.484669762	0.049069134	2.737650000	0.203330000	2.171740000	0.007450000	1.816560000	0.010850000	1.864493407	7.112336672	   	   
1.647160000	0.000001230	1.675600000	0.012040000	1.484562437	0.049214374	2.733380000	0.200650000	2.171840000	0.007630000	1.816930000	0.011920000	1.869017592	7.110996661	   	   
1.646900000	0.000001170	1.679460000	0.012830000	1.484455440	0.049359930	2.731560000	0.196910000	2.171120000	0.006260000	1.814950000	0.009130000	1.873508059	7.109596087	   	   
1.647580000	0.000001160	1.674480000	0.013420000	1.484348771	0.049505801	2.727230000	0.190800000	2.170030000	0.007320000	1.817480000	0.012360000	1.877964288	7.108137321	   	   
1.648330000	0.000001240	1.678090000	0.012540000	1.484242428	0.049651989	2.726420000	0.185040000	2.168840000	0.004560000	1.816670000	0.014860000	1.882385756	7.106622787	   	   
1.649980000	0.000001350	1.676390000	0.011470000	1.484136410	0.049798495	2.715150000	0.181870000	2.166630000	0.003500000	1.819940000	0.014610000	1.886771936	7.105054963	   	   
1.648470000	0.000001410	1.677310000	0.011550000	1.484030716	0.049945319	2.714620000	0.178680000	2.166010000	0.006010000	1.815570000	0.015100000	1.891122301	7.103436385	   	   
1.650100000	0.000001230	1.677720000	0.011770000	1.483925346	0.050092461	2.706630000	0.172200000	2.165840000	0.003580000	1.818060000	0.012450000	1.895436321	7.101769644	   	   
1.648060000	0.000001240	1.681030000	0.012250000	1.483820299	0.050239923	2.702880000	0.169520000	2.166400000	0.006850000	1.814940000	0.016490000	1.899713461	7.100057386	   	   
1.650210000	0.000001260	1.672960000	0.012490000	1.483715572	0.050387705	2.705000000	0.162480000	2.163610000	0.007980000	1.816480000	0.014090000	1.903953187	7.098302317	   	   
1.650400000	0.000001220	1.678700000	0.012760000	1.483611166	0.050535808	2.697010000	0.162480000	2.164550000	0.008250000	1.814690000	0.011050000	1.908154961	7.096507199	   	   
1.650070000	0.000001310	1.678650000	0.012470000	1.483507080	0.050684232	2.694310000	0.156260000	2.160180000	0.006070000	1.817780000	0.013660000	1.912318242	7.094674852	   	   
1.651520000	0.000001470	1.675470000	0.011360000	1.483403312	0.050832979	2.682470000	0.152460000	2.158270000	0.007650000	1.815220000	0.012880000	1.916442488	7.092808154	   	   
1.652980000	0.000001390	1.680780000	0.011810000	1.483299861	0.050982048	2.674900000	0.149480000	2.158680000	0.006460000	1.817430000	0.013770000	1.920527154	7.090910043	   	   
1.652120000	0.000001340	1.681160000	0.011120000	1.483196727	0.051131441	2.672440000	0.145960000	2.155280000	0.007900000	1.817180000	0.013980000	1.924571692	7.088983515	   	   
1.651090000	0.000001330	1.685050000	0.012570000	1.483093909	0.051281159	2.667070000	0.140640000	2.156760000	0.007520000	1.816410000	0.015070000	1.928575552	7.087031629	   	   
1.653660000	0.000001240	1.673660000	0.012390000	1.482991405	0.051431201	2.657990000	0.139100000	2.154130000	0.009410000	1.811920000	0.014600000	1.932538182	7.085057501	   	   
1.650280000	0.000001270	1.682670000	0.012530000	1.482889215	0.051581570	2.651220000	0.137280000	2.154480000	0.007330000	1.813440000	0.009670000	1.936459028	7.083064309	   	   
1.652700000	0.000001220	1.685060000	0.012570000	1.482787337	0.051732264	2.648630000	0.132620000	2.150060000	0.008270000	1.813800000	0.008380000	1.940337531	7.081055294	   	   
1.653780000	0.000001340	1.678140000	0.012540000	1.482685771	0.051883286	2.644300000	0.131280000	2.150180000	0.009360000	1.815720000	0.009460000	1.944173132	7.079033756	   	   
1.652340000	0.000001410	1.681090000	0.011850000	1.482584516	0.052034636	2.635130000	0.124770000	2.154270000	0.008000000	1.815260000	0.012480000	1.947965270	7.077003061	   	   
1.653940000	0.000001260	1.682680000	0.013090000	1.482483570	0.052186315	2.626140000	0.122600000	2.150950000	0.004240000	1.819130000	0.014280000	1.951713380	7.074966634	   	   
1.653820000	0.000001420	1.684000000	0.011460000	1.482382934	0.052338322	2.625270000	0.119590000	2.155240000	0.006090000	1.818530000	0.014600000	1.955416894	7.072927967	   	   
1.652050000	0.000001460	1.684660000	0.011800000	1.482282605	0.052490660	2.623600000	0.113320000	2.148530000	0.006460000	1.817340000	0.013530000	1.959075244	7.070890612	     	   
1.655430000	0.000001360	1.685200000	0.011850000	1.482182583	0.052643328	2.610160000	0.113180000	2.147810000	0.007230000	1.814540000	0.011040000	1.962687858	7.068858190	   	   
1.656570000	0.000001240	1.681480000	0.012780000	1.482082867	0.052796328	2.609550000	0.108510000	2.148980000	0.005830000	1.817760000	0.014330000	1.966254162	7.066834383	   	   
1.655630000	0.000001270	1.683320000	0.013630000	1.481983457	0.052949660	2.604110000	0.104710000	2.146940000	0.006000000	1.816540000	0.014920000	1.969773579	7.064822940	   	   
1.654140000	0.000001530	1.683780000	0.011470000	1.481884350	0.053103325	2.585920000	0.109810000	2.144250000	0.009130000	1.818540000	0.007270000	1.973245530	7.062827675	   	   
1.657180000	0.000001440	1.682860000	0.011840000	1.481785547	0.053257324	2.583280000	0.103430000	2.144990000	0.009960000	1.814370000	0.011730000	1.976669434	7.060852471	   	   
1.657150000	0.000001500	1.680850000	0.011630000	1.481687046	0.053411657	2.576160000	0.102620000	2.146830000	0.010410000	1.816250000	0.010350000	1.980044707	7.058901275	   	   
1.658320000	0.000001550	1.680550000	0.010570000	1.481588846	0.053566325	2.575960000	0.098750000	2.141540000	0.010060000	1.815400000	0.010970000	1.983370763	7.056978102	   	   
1.656350000	0.000001410	1.681830000	0.011920000	1.481490947	0.053721328	2.569220000	0.094270000	2.144290000	0.006090000	1.816680000	0.016000000	1.986647012	7.055087035	   	   
1.655210000	0.000001520	1.686620000	0.011240000	1.481393347	0.053876669	2.559970000	0.093260000	2.139180000	0.005830000	1.816620000	0.011690000	1.989872865	7.053232228	   	   
1.656750000	0.000001510	1.684420000	0.011620000	1.481296046	0.054032346	2.557650000	0.088140000	2.138720000	0.003430000	1.812660000	0.013770000	1.993047727	7.051417899	   	   
1.655730000	0.000001600	1.687450000	0.012050000	1.481199042	0.054188361	2.545550000	0.091090000	2.136220000	0.006220000	1.815320000	0.011840000	1.996171003	7.049648340	   	   
1.656830000	0.000001520	1.690160000	0.011910000	1.481102336	0.054344716	2.545100000	0.080140000	2.143040000	0.001450000	1.812550000	0.015910000	1.999242094	7.047927910	   	   
1.655820000	0.000001430	1.692730000	0.012430000	1.481005925	0.054501409	2.534150000	0.080420000	2.136400000	0.001980000	1.812560000	0.013690000	2.002260400	7.046261040	   	   
1.657060000	0.000001390	1.686050000	0.012880000	1.480909809	0.054658443	2.525760000	0.082150000	2.134180000	0.005020000	1.814370000	0.014540000	2.005225317	7.044652232	   	   
1.659660000	0.000001500	1.685420000	0.012430000	1.480813987	0.054815818	2.522070000	0.077790000	2.132860000	0.007380000	1.812740000	0.013490000	2.008136240	7.043106058	   	   
1.658720000	0.000001490	1.683000000	0.012450000	1.480718459	0.054973534	2.521170000	0.074990000	2.130040000	0.005070000	1.812620000	0.013560000	2.010992560	7.041627165	   	   
1.661710000	0.000001450	1.686660000	0.012220000	1.480623222	0.055131593	2.509110000	0.076850000	2.130810000	0.004660000	1.814070000	0.013690000	2.013793668	7.040220269	   	   
1.658380000	0.000001690	1.687720000	0.010630000	1.480528278	0.055289995	2.504390000	0.073250000	2.127730000	0.009530000	1.813140000	0.013040000	2.016538950	7.038890162	   	   
1.657980000	0.000001230	1.688920000	0.013270000	1.480433623	0.055448741	2.502100000	0.072670000	2.130360000	0.008470000	1.815330000	0.011900000	2.019227791	7.037641707	   	   
1.658000000	0.000001550	1.685680000	0.012690000	1.480339258	0.055607831	2.503080000	0.069170000	2.127620000	0.005780000	1.814230000	0.014500000	2.021859573	7.036479844	   	   
1.657690000	0.000001510	1.689180000	0.011190000	1.480245182	0.055767267	2.491420000	0.068820000	2.131180000	0.004890000	1.813600000	0.018310000	2.024433677	7.035409585	   	   
1.660760000	0.000001420	1.683910000	0.013690000	1.480151394	0.055927049	2.483190000	0.064560000	2.128720000	0.001780000	1.812480000	0.017650000	2.026949480	7.034436019	   	   
1.662030000	0.000001420	1.684140000	0.010680000	1.480057892	0.056087178	2.476820000	0.065640000	2.123030000	0.006110000	1.812120000	0.010000000	2.029406357	7.033564310	   	   
1.660420000	0.000001600	1.688790000	0.011780000	1.479964677	0.056247655	2.475340000	0.066040000	2.127770000	0.008690000	1.814780000	0.009860000	2.031803680	7.032799699	   	   
1.658790000	0.000001520	1.690920000	0.011610000	1.479871747	0.056408480	2.468710000	0.068230000	2.129970000	0.010600000	1.808290000	0.008770000	2.034140819	7.032147502	   	   
1.658050000	0.000001350	1.690470000	0.013280000	1.479779101	0.056569654	2.464620000	0.067700000	2.124170000	0.013670000	1.813720000	0.009650000	2.036417143	7.031613113	   	   
1.662620000	0.000001430	1.688790000	0.013240000	1.479686738	0.056731178	2.454750000	0.061130000	2.121140000	0.011700000	1.812570000	0.011090000	2.038632017	7.031202007	   	   
1.660660000	0.000001620	1.684640000	0.011490000	1.479594659	0.056893053	2.451000000	0.059590000	2.119390000	0.009870000	1.807680000	0.010510000	2.040784804	7.030919732	   	   
1.660660000	0.000001440	1.686850000	0.013270000	1.479502860	0.057055279	2.447650000	0.055130000	2.120800000	0.008840000	1.811200000	0.013300000	2.042874864	7.030771918	   	   
1.663210000	0.000001560	1.690000000	0.012230000	1.479411343	0.057217857	2.440430000	0.056170000	2.119930000	0.007520000	1.811480000	0.013780000	2.044901556	7.030764276	   	   
1.661160000	0.000001730	1.690520000	0.011210000	1.479320106	0.057380789	2.440270000	0.054940000	2.116120000	0.009930000	1.812590000	0.009850000	2.046864234	7.030902592	   	   
1.661170000	0.000001350	1.690580000	0.013080000	1.479229148	0.057544074	2.430490000	0.052280000	2.121770000	0.004310000	1.812970000	0.011640000	2.048762253	7.031192739	   	   
1.660140000	0.000001570	1.691420000	0.012630000	1.479138468	0.057707713	2.425470000	0.052090000	2.117490000	0.006020000	1.815500000	0.011310000	2.050594963	7.031640665	   	   
1.662760000	0.000001560	1.685400000	0.012050000	1.479048066	0.057871708	2.423470000	0.049030000	2.114730000	0.009310000	1.809190000	0.012990000	2.052361713	7.032252404	   	   
1.659500000	0.000001570	1.688980000	0.012610000	1.478957940	0.058036059	2.423350000	0.045980000	2.114140000	0.009330000	1.813670000	0.013050000	2.054061848	7.033034069	   	   
1.664430000	0.000001410	1.687160000	0.013760000	1.478868090	0.058200767	2.408950000	0.046020000	2.114260000	0.010990000	1.809900000	0.008490000	2.055694713	7.033991860	   	   
1.665260000	0.000001470	1.690590000	0.011870000	1.478778514	0.058365832	2.407030000	0.045170000	2.113460000	0.006760000	1.812900000	0.020280000	2.057259648	7.035132054	   	   
1.664790000	0.000001300	1.686540000	0.013890000	1.478689213	0.058531255	2.401860000	0.043240000	2.113190000	0.007540000	1.806670000	0.012830000	2.058755992	7.036461019	   	   
1.662990000	0.000001790	1.692420000	0.011170000	1.478600185	0.058697038	2.398420000	0.046820000	2.110210000	0.008490000	1.807380000	0.013140000	2.060183081	7.037985201	   	   
1.667950000	0.000001630	1.688070000	0.011300000	1.478511430	0.058863181	2.396620000	0.040760000	2.113510000	0.004140000	1.810000000	0.015860000	2.061540250	7.039711135	   	   
1.659740000	0.000001640	1.689230000	0.014490000	1.478422946	0.059029684	2.387710000	0.039410000	2.107430000	0.003620000	1.810050000	0.014250000	2.062826830	7.041645440	   	   
1.663130000	0.000001350	1.688790000	0.012980000	1.478334732	0.059196549	2.385400000	0.042220000	2.105500000	0.005510000	1.804960000	0.015630000	2.064042150	7.043794822	   	   
1.662330000	0.000001610	1.689070000	0.013560000	1.478246789	0.059363776	2.380140000	0.038150000	2.107730000	0.009580000	1.808770000	0.017000000	2.065185537	7.046166072	   	   
1.665520000	0.000001590	1.690830000	0.012990000	1.478159115	0.059531366	2.375140000	0.043170000	2.105570000	0.009310000	1.805040000	0.011740000	2.066256314	7.048766069	   	   
1.666720000	0.000001610	1.690430000	0.012310000	1.478071709	0.059699320	2.368760000	0.041910000	2.106000000	0.012660000	1.814040000	0.012070000	2.067253804	7.051601781	   	   
1.666740000	0.000001740	1.688320000	0.011120000	1.477984570	0.059867639	2.368010000	0.040660000	2.103190000	0.011020000	1.810000000	0.010350000	2.068177326	7.054680262	   	   
1.662420000	0.000001670	1.695670000	0.012530000	1.477897698	0.060036323	2.361250000	0.035500000	2.103460000	0.006590000	1.812250000	0.011240000	2.069026197	7.058008656	   	   
1.665790000	0.000001490	1.697380000	0.013290000	1.477811091	0.060205373	2.353280000	0.039950000	2.107630000	0.011190000	1.814080000	0.009150000	2.069799731	7.061594197	   	   
1.664540000	0.000001640	1.686030000	0.012930000	1.477724750	0.060374791	2.357450000	0.033790000	2.110210000	0.009340000	1.810040000	0.010030000	2.070497242	7.065444208	   	   
1.665110000	0.000001510	1.687910000	0.013440000	1.477638673	0.060544576	2.345900000	0.036770000	2.101130000	0.007780000	1.810350000	0.009550000	2.071118037	7.069566103	   	   
1.665300000	0.000001670	1.684990000	0.011770000	1.477552859	0.060714730	2.344820000	0.033450000	2.102490000	0.011900000	1.812330000	0.013000000	2.071661426	7.073967388	   	   
1.665030000	0.000001490	1.690150000	0.012810000	1.477467308	0.060885253	2.347820000	0.033520000	2.107570000	0.007110000	1.807000000	0.016080000	2.072126711	7.078655658	   	   
1.664640000	0.000001630	1.687550000	0.011940000	1.477382018	0.061056146	2.336010000	0.034810000	2.103660000	0.006190000	1.810100000	0.010850000	2.072513197	7.083638603	   	   
1.669140000	0.000001620	1.691840000	0.011620000	1.477296990	0.061227410	2.333990000	0.032190000	2.095530000	0.009850000	1.811480000	0.015770000	2.072820183	7.088924005	   	   
1.666310000	0.000001590	1.693440000	0.012960000	1.477212221	0.061399047	2.328600000	0.032120000	2.100550000	0.008240000	1.804290000	0.012590000	2.073046967	7.094519739	   	   
1.664350000	0.000001790	1.696290000	0.012690000	1.477127712	0.061571055	2.324230000	0.034170000	2.099250000	0.011680000	1.806770000	0.009030000	2.073192844	7.100433774	   	   
1.666200000	0.000001720	1.694820000	0.011620000	1.477043461	0.061743438	2.324170000	0.035610000	2.099720000	0.010210000	1.812940000	0.007510000	2.073257106	7.106674175	   	   
1.664240000	0.000001760	1.694020000	0.011860000	1.476959469	0.061916194	2.318520000	0.033000000	2.101940000	0.011770000	1.811580000	0.009070000	2.073239044	7.113249100	   	   
1.668420000	0.000001610	1.694590000	0.012640000	1.476875733	0.062089326	2.308360000	0.036300000	2.096750000	0.010210000	1.810480000	0.012800000	2.073137946	7.120166804	   	   
1.668210000	0.000001670	1.700020000	0.012570000	1.476792253	0.062262833	2.308450000	0.028650000	2.097870000	0.008680000	1.813180000	0.011940000	2.072953098	7.127435639	   	   
1.668840000	0.000001580	1.695030000	0.014010000	1.476709029	0.062436717	2.307160000	0.025580000	2.094990000	0.004610000	1.809510000	0.017290000	2.072683782	7.135064052	   	   
1.666950000	0.000001890	1.694520000	0.010980000	1.476626059	0.062610979	2.301510000	0.026240000	2.095930000	0.009350000	1.807390000	0.012120000	2.072329280	7.143060588	   	   
1.667680000	0.000001690	1.694840000	0.014460000	1.476543343	0.062785619	2.302980000	0.028950000	2.093750000	0.010090000	1.805360000	0.010120000	2.071888869	7.151433892	 	 
