  1.5743240e+000  9.4281600e-003
  1.5739423e+000  9.4873380e-003
  1.5735619e+000  9.5466450e-003
  1.5731826e+000  9.6060810e-003
  1.5728045e+000  9.6656450e-003
  1.5724275e+000  9.7253390e-003
  1.5720517e+000  9.7851630e-003
  1.5716770e+000  9.8451160e-003
  1.5713035e+000  9.9052000e-003
  1.5709311e+000  9.9654140e-003
  1.5705599e+000  1.0025758e-002
  1.5701898e+000  1.0086234e-002
  1.5698208e+000  1.0146841e-002
  1.5694530e+000  1.0207580e-002
  1.5690863e+000  1.0268450e-002
  1.5687207e+000  1.0329453e-002
  1.5683562e+000  1.0390588e-002
  1.5679928e+000  1.0451856e-002
  1.5676306e+000  1.0513257e-002
  1.5672694e+000  1.0574791e-002
  1.5669094e+000  1.0636459e-002
  1.5665505e+000  1.0698260e-002
  1.5661926e+000  1.0760196e-002
  1.5658359e+000  1.0822266e-002
  1.5654802e+000  1.0884471e-002
  1.5651257e+000  1.0946811e-002
  1.5647722e+000  1.1009287e-002
  1.5644198e+000  1.1071898e-002
  1.5640685e+000  1.1134645e-002
  1.5637182e+000  1.1197528e-002
  1.5633691e+000  1.1260547e-002
  1.5630210e+000  1.1323704e-002
  1.5626739e+000  1.1386998e-002
  1.5623280e+000  1.1450429e-002
  1.5619830e+000  1.1513997e-002
  1.5616392e+000  1.1577704e-002
  1.5612964e+000  1.1641549e-002
  1.5609546e+000  1.1705533e-002
  1.5606139e+000  1.1769656e-002
  1.5602742e+000  1.1833917e-002
  1.5599356e+000  1.1898319e-002
  1.5595980e+000  1.1962860e-002
  1.5592614e+000  1.2027541e-002
  1.5589259e+000  1.2092363e-002
  1.5585914e+000  1.2157325e-002
  1.5582579e+000  1.2222429e-002
  1.5579254e+000  1.2287673e-002
  1.5575940e+000  1.2353060e-002
  1.5572635e+000  1.2418588e-002
  1.5569341e+000  1.2484259e-002
  1.5566057e+000  1.2550072e-002
  1.5562783e+000  1.2616028e-002
  1.5559519e+000  1.2682128e-002
  1.5556265e+000  1.2748370e-002
  1.5553021e+000  1.2814757e-002
  1.5549786e+000  1.2881288e-002
  1.5546562e+000  1.2947963e-002
  1.5543348e+000  1.3014783e-002
  1.5540143e+000  1.3081748e-002
  1.5536948e+000  1.3148858e-002
  1.5533763e+000  1.3216114e-002
  1.5530588e+000  1.3283517e-002
  1.5527422e+000  1.3351065e-002
  1.5524266e+000  1.3418760e-002
  1.5521120e+000  1.3486602e-002
  1.5517983e+000  1.3554592e-002
  1.5514856e+000  1.3622728e-002
  1.5511739e+000  1.3691013e-002
  1.5508631e+000  1.3759446e-002
  1.5505533e+000  1.3828028e-002
  1.5502444e+000  1.3896759e-002
  1.5499364e+000  1.3965639e-002
  1.5496294e+000  1.4034668e-002
  1.5493233e+000  1.4103847e-002
  1.5490182e+000  1.4173177e-002
  1.5487140e+000  1.4242657e-002
  1.5484108e+000  1.4312287e-002
  1.5481084e+000  1.4382069e-002
  1.5478070e+000  1.4452003e-002
  1.5475065e+000  1.4522088e-002
  1.5472069e+000  1.4592325e-002
  1.5469083e+000  1.4662715e-002
  1.5466105e+000  1.4733258e-002
  1.5463137e+000  1.4803954e-002
  1.5460178e+000  1.4874803e-002
  1.5457228e+000  1.4945806e-002
  1.5454287e+000  1.5016964e-002
  1.5451354e+000  1.5088276e-002
  1.5448431e+000  1.5159742e-002
  1.5445517e+000  1.5231364e-002
  1.5442612e+000  1.5303141e-002
  1.5439715e+000  1.5375074e-002
  1.5436828e+000  1.5447164e-002
  1.5433949e+000  1.5519410e-002
  1.5431079e+000  1.5591812e-002
  1.5428218e+000  1.5664372e-002
  1.5425366e+000  1.5737089e-002
  1.5422522e+000  1.5809965e-002
  1.5419687e+000  1.5882998e-002
  1.5416861e+000  1.5956190e-002
  1.5414043e+000  1.6029541e-002
  1.5411234e+000  1.6103051e-002
  1.5408434e+000  1.6176721e-002
  1.5405642e+000  1.6250551e-002
  1.5402858e+000  1.6324541e-002
  1.5400084e+000  1.6398691e-002
  1.5397317e+000  1.6473003e-002
  1.5394559e+000  1.6547476e-002
  1.5391810e+000  1.6622110e-002
  1.5389069e+000  1.6696907e-002
  1.5386336e+000  1.6771866e-002
  1.5383612e+000  1.6846988e-002
  1.5380896e+000  1.6922273e-002
  1.5378189e+000  1.6997721e-002
  1.5375489e+000  1.7073333e-002
  1.5372798e+000  1.7149109e-002
  1.5370115e+000  1.7225050e-002
  1.5367441e+000  1.7301156e-002
  1.5364774e+000  1.7377427e-002
  1.5362116e+000  1.7453863e-002
  1.5359466e+000  1.7530465e-002
  1.5356824e+000  1.7607234e-002
  1.5354190e+000  1.7684170e-002
  1.5351564e+000  1.7761272e-002
  1.5348946e+000  1.7838542e-002
  1.5346336e+000  1.7915979e-002
  1.5343734e+000  1.7993585e-002
  1.5341140e+000  1.8071359e-002
  1.5338554e+000  1.8149302e-002
  1.5335976e+000  1.8227414e-002
  1.5333406e+000  1.8305696e-002
  1.5330844e+000  1.8384148e-002
  1.5328289e+000  1.8462770e-002
  1.5325743e+000  1.8541563e-002
  1.5323204e+000  1.8620527e-002
  1.5320673e+000  1.8699662e-002
  1.5318149e+000  1.8778969e-002
  1.5315634e+000  1.8858448e-002
  1.5313126e+000  1.8938100e-002
  1.5310625e+000  1.9017925e-002
  1.5308133e+000  1.9097923e-002
  1.5305648e+000  1.9178095e-002
  1.5303170e+000  1.9258440e-002
  1.5300701e+000  1.9338960e-002
  1.5298238e+000  1.9419655e-002
  1.5295784e+000  1.9500526e-002
  1.5293336e+000  1.9581571e-002
  1.5290897e+000  1.9662793e-002
  1.5288464e+000  1.9744191e-002
  1.5286040e+000  1.9825766e-002
  1.5283622e+000  1.9907518e-002
  1.5281212e+000  1.9989447e-002
  1.5278810e+000  2.0071555e-002
  1.5276414e+000  2.0153840e-002
  1.5274026e+000  2.0236304e-002
  1.5271646e+000  2.0318947e-002
  1.5269272e+000  2.0401770e-002
  1.5266906e+000  2.0484772e-002
  1.5264547e+000  2.0567955e-002
  1.5262196e+000  2.0651318e-002
  1.5259851e+000  2.0734862e-002
  1.5257514e+000  2.0818588e-002
  1.5255184e+000  2.0902495e-002
  1.5252861e+000  2.0986585e-002
  1.5250545e+000  2.1070857e-002
  1.5248236e+000  2.1155312e-002
  1.5245934e+000  2.1239950e-002
  1.5243640e+000  2.1324772e-002
  1.5241352e+000  2.1409779e-002
  1.5239071e+000  2.1494969e-002
  1.5236798e+000  2.1580345e-002
  1.5234531e+000  2.1665906e-002
  1.5232271e+000  2.1751653e-002
  1.5230018e+000  2.1837586e-002
  1.5227772e+000  2.1923706e-002
  1.5225533e+000  2.2010012e-002
  1.5223301e+000  2.2096506e-002
  1.5221075e+000  2.2183188e-002
  1.5218857e+000  2.2270058e-002
  1.5216645e+000  2.2357117e-002
  1.5214440e+000  2.2444364e-002
  1.5212241e+000  2.2531801e-002
  1.5210050e+000  2.2619428e-002
  1.5207865e+000  2.2707245e-002
  1.5205687e+000  2.2795252e-002
  1.5203515e+000  2.2883451e-002
  1.5201350e+000  2.2971841e-002
  1.5199192e+000  2.3060424e-002
  1.5197040e+000  2.3149198e-002
  1.5194895e+000  2.3238165e-002
  1.5192756e+000  2.3327325e-002
  1.5190624e+000  2.3416679e-002
  1.5188499e+000  2.3506227e-002
  1.5186380e+000  2.3595969e-002
  1.5184267e+000  2.3685907e-002
  1.5182161e+000  2.3776039e-002
  1.5180062e+000  2.3866367e-002
  1.5177969e+000  2.3956891e-002
  1.5175882e+000  2.4047612e-002
  1.5173802e+000  2.4138530e-002
  1.5171728e+000  2.4229645e-002
  1.5169660e+000  2.4320957e-002
  1.5167599e+000  2.4412468e-002
  1.5165544e+000  2.4504178e-002
  1.5163495e+000  2.4596087e-002
  1.5161452e+000  2.4688196e-002
  1.5159416e+000  2.4780504e-002
  1.5157386e+000  2.4873013e-002
  1.5155362e+000  2.4965722e-002
  1.5153345e+000  2.5058633e-002
  1.5151333e+000  2.5151746e-002
  1.5149328e+000  2.5245061e-002
  1.5147329e+000  2.5338578e-002
  1.5145336e+000  2.5432298e-002
  1.5143349e+000  2.5526222e-002
  1.5141368e+000  2.5620350e-002
  1.5139393e+000  2.5714682e-002
  1.5137425e+000  2.5809219e-002
  1.5135462e+000  2.5903961e-002
  1.5133505e+000  2.5998909e-002
  1.5131554e+000  2.6094063e-002
  1.5129610e+000  2.6189423e-002
  1.5127671e+000  2.6284991e-002
  1.5125738e+000  2.6380766e-002
  1.5123811e+000  2.6476749e-002
  1.5121890e+000  2.6572940e-002
  1.5119975e+000  2.6669341e-002
  1.5118065e+000  2.6765950e-002
  1.5116162e+000  2.6862769e-002
  1.5114264e+000  2.6959799e-002
  1.5112372e+000  2.7057039e-002
  1.5110486e+000  2.7154490e-002
  1.5108606e+000  2.7252153e-002
  1.5106731e+000  2.7350028e-002
  1.5104863e+000  2.7448115e-002
  1.5102999e+000  2.7546415e-002
  1.5101142e+000  2.7644929e-002
  1.5099290e+000  2.7743657e-002
  1.5097444e+000  2.7842598e-002
  1.5095604e+000  2.7941755e-002
  1.5093769e+000  2.8041127e-002
  1.5091940e+000  2.8140715e-002
  1.5090116e+000  2.8240519e-002
  1.5088298e+000  2.8340539e-002
  1.5086486e+000  2.8440777e-002
  1.5084679e+000  2.8541232e-002
  1.5082878e+000  2.8641906e-002
  1.5081082e+000  2.8742798e-002
  1.5079292e+000  2.8843909e-002
  1.5077507e+000  2.8945239e-002
  1.5075727e+000  2.9046790e-002
  1.5073953e+000  2.9148561e-002
  1.5072185e+000  2.9250553e-002
  1.5070422e+000  2.9352766e-002
  1.5068664e+000  2.9455202e-002
  1.5066912e+000  2.9557859e-002
  1.5065165e+000  2.9660740e-002
  1.5063423e+000  2.9763844e-002
  1.5061687e+000  2.9867172e-002
  1.5059956e+000  2.9970724e-002
  1.5058230e+000  3.0074501e-002
  1.5056510e+000  3.0178503e-002
  1.5054794e+000  3.0282731e-002
  1.5053084e+000  3.0387185e-002
  1.5051380e+000  3.0491866e-002
  1.5049680e+000  3.0596775e-002
  1.5047986e+000  3.0701911e-002
  1.5046297e+000  3.0807275e-002
  1.5044613e+000  3.0912868e-002
  1.5042934e+000  3.1018690e-002
  1.5041261e+000  3.1124742e-002
  1.5039592e+000  3.1231025e-002
  1.5037929e+000  3.1337538e-002
  1.5036270e+000  3.1444282e-002
  1.5034617e+000  3.1551258e-002
  1.5032969e+000  3.1658467e-002
  1.5031326e+000  3.1765908e-002
  1.5029688e+000  3.1873582e-002
  1.5028055e+000  3.1981490e-002
  1.5026427e+000  3.2089632e-002
  1.5024803e+000  3.2198009e-002
  1.5023185e+000  3.2306622e-002
  1.5021572e+000  3.2415470e-002
  1.5019964e+000  3.2524555e-002
  1.5018360e+000  3.2633876e-002
  1.5016762e+000  3.2743435e-002
  1.5015168e+000  3.2853231e-002
  1.5013580e+000  3.2963266e-002
  1.5011996e+000  3.3073540e-002
  1.5010417e+000  3.3184053e-002
  1.5008843e+000  3.3294806e-002
  1.5007273e+000  3.3405800e-002
  1.5005709e+000  3.3517035e-002
  1.5004149e+000  3.3628511e-002
  1.5002594e+000  3.3740229e-002
  1.5001044e+000  3.3852189e-002
  1.4999499e+000  3.3964393e-002
  1.4997958e+000  3.4076840e-002
  1.4996422e+000  3.4189532e-002
  1.4994890e+000  3.4302468e-002
  1.4993364e+000  3.4415649e-002
  1.4991842e+000  3.4529076e-002
  1.4990325e+000  3.4642749e-002
  1.4988812e+000  3.4756669e-002
  1.4987304e+000  3.4870837e-002
  1.4985800e+000  3.4985252e-002
  1.4984302e+000  3.5099916e-002
  1.4982807e+000  3.5214828e-002
  1.4981318e+000  3.5329990e-002
  1.4979832e+000  3.5445402e-002
  1.4978352e+000  3.5561065e-002
  1.4976876e+000  3.5676979e-002
  1.4975404e+000  3.5793144e-002
  1.4973937e+000  3.5909562e-002
  1.4972475e+000  3.6026232e-002
  1.4971017e+000  3.6143155e-002
  1.4969563e+000  3.6260333e-002
  1.4968114e+000  3.6377765e-002
  1.4966669e+000  3.6495452e-002
  1.4965229e+000  3.6613394e-002
  1.4963793e+000  3.6731592e-002
  1.4962362e+000  3.6850047e-002
  1.4960934e+000  3.6968759e-002
  1.4959512e+000  3.7087729e-002
  1.4958093e+000  3.7206957e-002
  1.4956679e+000  3.7326444e-002
  1.4955269e+000  3.7446191e-002
  1.4953864e+000  3.7566197e-002
  1.4952463e+000  3.7686464e-002
  1.4951066e+000  3.7806992e-002
  1.4949674e+000  3.7927782e-002
  1.4948285e+000  3.8048834e-002
  1.4946901e+000  3.8170149e-002
  1.4945521e+000  3.8291727e-002
  1.4944146e+000  3.8413569e-002
  1.4942774e+000  3.8535675e-002
  1.4941407e+000  3.8658047e-002
  1.4940044e+000  3.8780685e-002
  1.4938685e+000  3.8903588e-002
  1.4937331e+000  3.9026759e-002
  1.4935980e+000  3.9150196e-002
  1.4934634e+000  3.9273902e-002
  1.4933291e+000  3.9397877e-002
  1.4931953e+000  3.9522120e-002
  1.4930619e+000  3.9646634e-002
  1.4929289e+000  3.9771417e-002
  1.4927963e+000  3.9896472e-002
  1.4926641e+000  4.0021798e-002
  1.4925323e+000  4.0147396e-002
  1.4924010e+000  4.0273267e-002
  1.4922700e+000  4.0399411e-002
  1.4921394e+000  4.0525829e-002
  1.4920092e+000  4.0652521e-002
  1.4918795e+000  4.0779489e-002
  1.4917501e+000  4.0906732e-002
  1.4916211e+000  4.1034251e-002
  1.4914925e+000  4.1162047e-002
  1.4913643e+000  4.1290121e-002
  1.4912365e+000  4.1418472e-002
  1.4911091e+000  4.1547103e-002
  1.4909820e+000  4.1676012e-002
  1.4908554e+000  4.1805202e-002
  1.4907292e+000  4.1934672e-002
  1.4906033e+000  4.2064423e-002
  1.4904778e+000  4.2194456e-002
  1.4903527e+000  4.2324771e-002
  1.4902280e+000  4.2455369e-002
  1.4901037e+000  4.2586250e-002
  1.4899797e+000  4.2717416e-002
  1.4898562e+000  4.2848866e-002
  1.4897330e+000  4.2980602e-002
  1.4896101e+000  4.3112624e-002
  1.4894877e+000  4.3244932e-002
  1.4893656e+000  4.3377528e-002
  1.4892439e+000  4.3510411e-002
  1.4891226e+000  4.3643583e-002
  1.4890017e+000  4.3777044e-002
  1.4888811e+000  4.3910795e-002
  1.4887609e+000  4.4044836e-002
  1.4886410e+000  4.4179169e-002
  1.4885216e+000  4.4313793e-002
  1.4884025e+000  4.4448709e-002
  1.4882837e+000  4.4583918e-002
  1.4881653e+000  4.4719421e-002
  1.4880473e+000  4.4855217e-002
  1.4879297e+000  4.4991309e-002
  1.4878124e+000  4.5127696e-002
  1.4876954e+000  4.5264379e-002
  1.4875788e+000  4.5401359e-002
  1.4874626e+000  4.5538637e-002
  1.4873467e+000  4.5676212e-002
  1.4872312e+000  4.5814086e-002
  1.4871161e+000  4.5952259e-002
  1.4870013e+000  4.6090733e-002
  1.4868868e+000  4.6229507e-002
  1.4867727e+000  4.6368582e-002
  1.4866589e+000  4.6507959e-002
  1.4865455e+000  4.6647639e-002
  1.4864325e+000  4.6787622e-002
  1.4863197e+000  4.6927909e-002
  1.4862074e+000  4.7068500e-002
  1.4860953e+000  4.7209397e-002
  1.4859836e+000  4.7350600e-002
  1.4858723e+000  4.7492109e-002
  1.4857613e+000  4.7633925e-002
  1.4856506e+000  4.7776050e-002
  1.4855403e+000  4.7918482e-002
  1.4854303e+000  4.8061224e-002
  1.4853207e+000  4.8204276e-002
  1.4852113e+000  4.8347639e-002
  1.4851024e+000  4.8491313e-002
  1.4849937e+000  4.8635299e-002
  1.4848854e+000  4.8779597e-002
  1.4847774e+000  4.8924208e-002
  1.4846698e+000  4.9069134e-002
  1.4845624e+000  4.9214374e-002
  1.4844554e+000  4.9359930e-002
  1.4843488e+000  4.9505801e-002
  1.4842424e+000  4.9651989e-002
  1.4841364e+000  4.9798495e-002
  1.4840307e+000  4.9945319e-002
  1.4839253e+000  5.0092461e-002
  1.4838203e+000  5.0239923e-002
  1.4837156e+000  5.0387705e-002
  1.4836112e+000  5.0535808e-002
  1.4835071e+000  5.0684232e-002
  1.4834033e+000  5.0832979e-002
  1.4832999e+000  5.0982048e-002
  1.4831967e+000  5.1131441e-002
  1.4830939e+000  5.1281159e-002
  1.4829914e+000  5.1431201e-002
  1.4828892e+000  5.1581570e-002
  1.4827873e+000  5.1732264e-002
  1.4826858e+000  5.1883286e-002
  1.4825845e+000  5.2034636e-002
  1.4824836e+000  5.2186315e-002
  1.4823829e+000  5.2338322e-002
  1.4822826e+000  5.2490660e-002
  1.4821826e+000  5.2643328e-002
  1.4820829e+000  5.2796328e-002
  1.4819835e+000  5.2949660e-002
  1.4818844e+000  5.3103325e-002
  1.4817855e+000  5.3257324e-002
  1.4816870e+000  5.3411657e-002
  1.4815888e+000  5.3566325e-002
  1.4814909e+000  5.3721328e-002
  1.4813933e+000  5.3876669e-002
  1.4812960e+000  5.4032346e-002
  1.4811990e+000  5.4188361e-002
  1.4811023e+000  5.4344716e-002
  1.4810059e+000  5.4501409e-002
  1.4809098e+000  5.4658443e-002
  1.4808140e+000  5.4815818e-002
  1.4807185e+000  5.4973534e-002
  1.4806232e+000  5.5131593e-002
  1.4805283e+000  5.5289995e-002
  1.4804336e+000  5.5448741e-002
  1.4803393e+000  5.5607831e-002
  1.4802452e+000  5.5767267e-002
  1.4801514e+000  5.5927049e-002
  1.4800579e+000  5.6087178e-002
  1.4799647e+000  5.6247655e-002
  1.4798717e+000  5.6408480e-002
  1.4797791e+000  5.6569654e-002
  1.4796867e+000  5.6731178e-002
  1.4795947e+000  5.6893053e-002
  1.4795029e+000  5.7055279e-002
  1.4794113e+000  5.7217857e-002
  1.4793201e+000  5.7380789e-002
  1.4792291e+000  5.7544074e-002
  1.4791385e+000  5.7707713e-002
  1.4790481e+000  5.7871708e-002
  1.4789579e+000  5.8036059e-002
  1.4788681e+000  5.8200767e-002
  1.4787785e+000  5.8365832e-002
  1.4786892e+000  5.8531255e-002
  1.4786002e+000  5.8697038e-002
  1.4785114e+000  5.8863181e-002
  1.4784229e+000  5.9029684e-002
  1.4783347e+000  5.9196549e-002
  1.4782468e+000  5.9363776e-002
  1.4781591e+000  5.9531366e-002
  1.4780717e+000  5.9699320e-002
  1.4779846e+000  5.9867639e-002
  1.4778977e+000  6.0036323e-002
  1.4778111e+000  6.0205373e-002
  1.4777247e+000  6.0374791e-002
  1.4776387e+000  6.0544576e-002
  1.4775529e+000  6.0714730e-002
  1.4774673e+000  6.0885253e-002
  1.4773820e+000  6.1056146e-002
  1.4772970e+000  6.1227410e-002
  1.4772122e+000  6.1399047e-002
  1.4771277e+000  6.1571055e-002
  1.4770435e+000  6.1743438e-002
  1.4769595e+000  6.1916194e-002
  1.4768757e+000  6.2089326e-002
  1.4767923e+000  6.2262833e-002
  1.4767090e+000  6.2436717e-002
  1.4766261e+000  6.2610979e-002
  1.4765433e+000  6.2785619e-002
