0.014905	   
0.015619	   
0.014704	   
0.014816	   
0.017273	   
0.017506	   
0.015903	   
0.013151	   
0.012418	   
0.013595	   
0.017368	   
0.015148	   
0.015597	   
0.017623	   
0.0178	   
0.018358	   
0.021707	   
0.021397	   
0.019815	   
0.020629	   
0.022533	   
0.020748	   
0.020236	   
0.018618	   
0.016784	   
0.017824	   
0.020464	   
0.021657	   
0.026096	   
0.02274	   
0.021478	   
0.023472	   
0.018079	   
0.014055	   
0.015786	   
0.020915	   
0.019334	   
0.020335	   
0.019898	   
0.021505	   
0.02507	   
0.026849	   
0.025133	   
0.015207	   
0.015752	   
0.025733	   
0.024164	   
0.013647	   
0.027366	   
0.034412	   
0.035943	   
0.037527	   
0.039106	   
0.037747	   
0.038453	   
0.037601	   
0.036764	   
0.036195	   
0.03789	   
0.040572	   
0.034673	   
0.038911	   
0.041464	   
0.039876	   
0.039542	   
0.04103	   
0.042357	   
0.041409	   
0.039705	   
0.041425	   
0.038049	   
0.043318	   
0.042828	   
0.041568	   
0.041438	   
0.042807	   
0.041695	   
0.040377	   
0.040869	   
0.037933	   
0.030333	   
0.027599	   
0.046017	   
0.042914	   
0.039737	   
0.043688	   
0.048033	   
0.049144	   
0.043233	   
0.041693	   
0.047906	   
0.047353	   
0.050801	   
0.051641	   
0.050436	   
0.05247	   
0.047152	   
0.05373	   
0.054493	   
0.054484	   
0.056602	   
0.05883	   
0.056442	   
0.052237	   
0.056153	   
0.055869	   
0.057831	   
0.058437	   
0.057309	   
0.056979	   
0.056732	   
0.058848	   
0.059527	   
0.059865	   
0.058172	   
0.05757	   
0.058908	   
0.056397	   
0.058957	   
0.059321	   
0.057154	   
0.05824	   
0.061391	   
0.059129	   
0.059911	   
0.062007	   
0.06001	   
0.060494	   
0.062572	   
0.06149	   
0.062644	   
0.062759	   
0.063119	   
0.062479	   
0.061421	   
0.061349	   
0.049845	   
0.055937	   
0.060665	   
0.057264	   
0.064119	   
0.061759	   
0.059004	   
0.063235	   
0.061857	   
0.065815	   
0.062712	   
0.063913	   
0.062294	   
0.062411	   
0.06231	   
0.060524	   
0.060596	   
0.063504	   
0.059297	   
0.063683	   
0.066376	   
0.063628	   
0.062135	   
0.065246	   
0.06368	   
0.064992	   
0.066841	   
0.062917	   
0.061709	   
0.063611	   
0.064321	   
0.052516	   
0.060175	   
0.058424	   
0.063901	   
0.064486	   
0.066058	   
0.062384	   
0.06722	   
0.066823	   
0.065084	   
0.057029	   
0.065399	   
0.06857	   
0.066028	   
0.069775	   
0.068645	   
0.061415	   
0.065906	   
0.067035	   
0.07003	   
0.06492	   
0.068291	   
0.06674	   
0.064569	   
0.062184	   
0.067807	   
0.066815	   
0.06929	   
0.067848	   
0.067338	   
0.06834	   
0.066515	   
0.068722	   
0.068311	   
0.068359	   
0.069886	   
0.068019	   
0.069478	   
0.069984	   
0.068908	   
0.067334	   
0.068904	   
0.065299	   
0.066576	   
0.070564	   
0.067299	   
0.069966	   
0.068717	   
0.069271	   
0.065619	   
0.070061	   
0.069543	   
0.067954	   
0.068114	   
0.066	   
0.069821	   
0.070238	   
0.069995	   
0.068531	   
0.068079	   
0.069914	   
0.067877	   
0.068975	   
0.070264	   
0.070708	   
0.071914	   
0.072785	   
0.072764	   
0.072304	   
0.070674	   
0.072347	   
0.070825	   
0.061254	   
0.065237	   
0.06989	   
0.068537	   
0.069643	   
0.069425	   
0.068664	   
0.07088	   
0.071206	   
0.070452	   
0.070565	   
0.071395	   
0.07067	   
0.069724	   
0.071319	   
0.072689	   
0.072682	   
0.072446	   
0.073001	   
0.072881	   
0.072446	   
0.072255	   
0.072004	   
0.073207	   
0.072289	   
0.070203	   
0.072902	   
0.071097	   
0.070307	   
0.073093	   
0.073556	   
0.073704	   
0.074139	   
0.071584	   
0.071177	   
0.071054	   
0.070705	   
0.070747	   
0.072908	   
0.069043	   
0.071603	   
0.070752	   
0.07207	   
0.069519	   
0.07407	   
0.073042	   
0.074048	   
0.072472	   
0.075062	   
0.075679	   
0.075484	   
0.074022	   
0.074179	   
0.07444	   
0.075329	   
0.075119	   
0.075781	   
0.073726	   
0.073506	   
0.07292	   
0.070766	   
0.071268	   
0.075856	   
0.072944	   
0.075373	   
0.074655	   
0.071314	   
0.062704	   
0.065671	   
0.07353	   
0.073908	   
0.074483	   
0.074281	   
0.073785	   
0.07403	   
0.074801	   
0.076238	   
0.076294	   
0.075865	   
0.076237	   
0.077668	   
0.076714	   
0.076682	   
0.075729	   
0.076504	   
0.076509	   
0.075991	   
0.076987	   
0.076396	   
0.076919	   
0.076381	   
0.076614	   
0.07643	   
0.076905	   
0.076186	   
0.075796	   
0.075956	   
0.074352	   
0.05365	   
0.062183	   
0.062674	   
0.065786	   
0.068735	   
0.070822	   
0.070477	   
0.069767	   
0.071269	   
0.071203	   
0.075347	   
0.074268	   
0.072829	   
0.072397	   
0.071573	   
0.07176	   
0.072276	   
0.074259	   
0.075138	   
0.074845	   
0.074644	   
0.074509	   
0.074883	   
0.075447	   
0.075439	   
0.075062	   
0.074288	   
0.075031	   
0.072587	   
0.073434	   
0.064023	   
0.059625	   
0.053536	   
0.05723	   
0.063159	   
0.07225	   
0.066734	   
0.061635	   
0.060697	   
0.063316	   
0.063621	   
0.061066	   
0.061538	   
0.066444	   
0.063104	   
0.068096	   
0.07072	   
0.073155	   
0.072193	   
0.071585	   
0.071563	   
0.07303	   
0.070959	   
0.072786	   
0.072603	   
0.072731	   
0.074339	   
0.075028	   
0.075092	   
0.075031	   
0.075173	   
0.074816	   
0.07465	   
0.074653	   
0.074419	   
0.074785	   
0.074496	   
0.075531	   
0.075406	   
0.074585	   
0.074617	   
0.075168	   
0.073124	   
0.016308	   
0.00945	   
0.042263	   
0.023356	   
0.0332	   
0.042328	   
0.050328	   
0.060265	   
0.068992	   
0.069951	   
0.072091	   
0.07267	   
0.073337	   
0.073388	   
0.073483	   
0.073578	   
0.073842	   
0.073492	   
0.073499	   
0.07392	   
0.073203	   
0.073115	   
0.073555	   
0.073346	   
0.072947	   
0.073356	   
0.073488	   
0.07268	   
0.071851	   
0.071636	   
0.069516	   
0.070548	   
0.069967	   
0.069556	   
0.070265	   
0.070097	   
0.068965	   
0.070151	   
0.071578	   
0.070276	   
0.069202	   
0.070051	   
0.070223	   
0.069021	   
0.069918	   
0.068466	   
0.07134	   
0.07068	   
0.07052	   
0.068826	   
0.068983	   
0.068898	   
0.067247	   
0.066137	   
0.059322	   
0.058847	   
0.054768	   
0.056132	   
0.054271	   
0.059794	   
0.057003	   
0.066062	   
0.063088	   
0.044654	   
0.062144	   
0.064501	   
0.062212	   
0.065678	   
0.056751	   
0.062136	   
0.061321	   
0.061925	   
0.06001	   
0.064263	   
0.062835	   
0.067563	   
0.065563	   
0.06813	   
0.067522	   
0.067758	   
0.068814	   
0.068516	   
0.06771	   
0.068353	   
0.067141	   
0.069278	   
0.06951	   
0.067748	   
0.06786	   
0.067515	   
0.061271	 
