  2.2683300e+000  4.0145000e-001
  2.2603100e+000  4.0194000e-001
  2.2672500e+000  3.9921000e-001
  2.2622600e+000  3.9517000e-001
  2.2860200e+000  3.8320000e-001
  2.2920500e+000  3.8047000e-001
  2.3099000e+000  3.7709000e-001
  2.3186600e+000  3.7106000e-001
  2.3118200e+000  3.6942000e-001
  2.3407000e+000  3.6237000e-001
  2.3400300e+000  3.6327000e-001
  2.3385400e+000  3.5535000e-001
  2.3523200e+000  3.5176000e-001
  2.3652800e+000  3.4475000e-001
  2.3683300e+000  3.4169000e-001
  2.3776900e+000  3.3644000e-001
  2.3813100e+000  3.3165000e-001
  2.3946400e+000  3.2602000e-001
  2.4034600e+000  3.1703000e-001
  2.4110500e+000  3.1133000e-001
  2.4172200e+000  3.0160000e-001
  2.4229200e+000  2.9675000e-001
  2.4372900e+000  2.8677000e-001
  2.4462100e+000  2.7807000e-001
  2.4487800e+000  2.6990000e-001
  2.4525000e+000  2.6084000e-001
  2.4631700e+000  2.5104000e-001
  2.4718700e+000  2.4285000e-001
  2.4744900e+000  2.3302000e-001
  2.4743200e+000  2.2579000e-001
  2.4814000e+000  2.1524000e-001
  2.4827400e+000  2.0942000e-001
  2.4880500e+000  1.9882000e-001
  2.4830000e+000  1.9115000e-001
  2.4802800e+000  1.8305000e-001
  2.4866200e+000  1.7688000e-001
  2.4890500e+000  1.6786000e-001
  2.4815100e+000  1.6216000e-001
  2.4806400e+000  1.5479000e-001
  2.4783600e+000  1.4832000e-001
  2.4805900e+000  1.4180000e-001
  2.4743700e+000  1.3280000e-001
  2.4725300e+000  1.2832000e-001
  2.4660600e+000  1.2294000e-001
  2.4616200e+000  1.1848000e-001
  2.4559000e+000  1.1235000e-001
  2.4490600e+000  1.0748000e-001
  2.4434200e+000  1.0376000e-001
  2.4369700e+000  9.8110000e-002
  2.4338100e+000  9.3180000e-002
  2.4242800e+000  9.2040000e-002
  2.4144000e+000  8.5780000e-002
  2.4110600e+000  8.2700000e-002
  2.4035800e+000  7.7870000e-002
  2.3954400e+000  7.4760000e-002
  2.3845900e+000  7.1010000e-002
  2.3782100e+000  6.8770000e-002
  2.3721500e+000  6.5360000e-002
  2.3588500e+000  6.1870000e-002
  2.3505400e+000  5.9350000e-002
  2.3416500e+000  5.8120000e-002
  2.3351300e+000  5.4720000e-002
  2.3239400e+000  5.3190000e-002
  2.3182100e+000  5.1300000e-002
  2.3082900e+000  4.8150000e-002
  2.2977400e+000  4.7420000e-002
  2.2896500e+000  4.6110000e-002
  2.2797100e+000  4.3800000e-002
  2.2706300e+000  4.2520000e-002
  2.2625700e+000  4.1260000e-002
  2.2510600e+000  3.9470000e-002
  2.2440800e+000  3.7740000e-002
  2.2355500e+000  3.5710000e-002
  2.2260000e+000  3.5340000e-002
  2.2216900e+000  3.4010000e-002
  2.2095100e+000  3.3910000e-002
  2.2002400e+000  3.1750000e-002
  2.1932300e+000  3.0870000e-002
  2.1854300e+000  3.0370000e-002
  2.1786200e+000  2.8730000e-002
  2.1675400e+000  2.8590000e-002
  2.1602000e+000  2.7360000e-002
  2.1541900e+000  2.7090000e-002
  2.1447600e+000  2.6960000e-002
  2.1364300e+000  2.5580000e-002
  2.1288800e+000  2.4660000e-002
  2.1212600e+000  2.4020000e-002
  2.1126800e+000  2.4760000e-002
  2.1050800e+000  2.4110000e-002
  2.0958700e+000  2.4920000e-002
  2.0902700e+000  2.1790000e-002
  2.0833600e+000  2.1320000e-002
  2.0763600e+000  2.0940000e-002
  2.0709100e+000  2.0300000e-002
  2.0641700e+000  2.0280000e-002
  2.0585300e+000  1.9230000e-002
  2.0496900e+000  1.9700000e-002
  2.0434700e+000  1.9100000e-002
  2.0368800e+000  1.7370000e-002
  2.0293800e+000  1.7670000e-002
  2.0248000e+000  1.7420000e-002
  2.0176700e+000  1.6970000e-002
  2.0082200e+000  1.6490000e-002
  2.0011000e+000  1.6530000e-002
  1.9939800e+000  1.5770000e-002
  1.9886800e+000  1.4920000e-002
  1.9829200e+000  1.5570000e-002
  1.9747600e+000  1.4150000e-002
  1.9686400e+000  1.4190000e-002
  1.9646300e+000  1.4480000e-002
  1.9551300e+000  1.4910000e-002
  1.9465800e+000  1.3890000e-002
  1.9415900e+000  1.3160000e-002
  1.9360200e+000  1.3530000e-002
  1.9275400e+000  1.3180000e-002
  1.9221700e+000  1.3280000e-002
  1.9174000e+000  1.2920000e-002
  1.9097500e+000  1.3040000e-002
  1.9024700e+000  1.3710000e-002
  1.8966400e+000  1.2280000e-002
  1.8894300e+000  1.1570000e-002
  1.8830600e+000  1.2560000e-002
  1.8789200e+000  1.2960000e-002
  1.8715700e+000  1.2000000e-002
  1.8646400e+000  1.2020000e-002
  1.8584800e+000  1.2800000e-002
  1.8529400e+000  1.3490000e-002
  1.8477900e+000  1.1580000e-002
  1.8393400e+000  1.2580000e-002
  1.8315600e+000  1.3380000e-002
  1.8269600e+000  1.3700000e-002
  1.8223800e+000  1.4090000e-002
  1.8160600e+000  1.3320000e-002
  1.8094300e+000  1.2870000e-002
  1.8039600e+000  1.4350000e-002
  1.7973200e+000  1.4220000e-002
  1.7918500e+000  1.4510000e-002
  1.7835000e+000  1.4460000e-002
  1.7780700e+000  1.4390000e-002
  1.7758400e+000  1.4400000e-002
  1.7658400e+000  1.5900000e-002
  1.7612400e+000  1.4810000e-002
  1.7547300e+000  1.5910000e-002
  1.7496800e+000  1.6460000e-002
  1.7424300e+000  1.7850000e-002
  1.7375900e+000  1.8390000e-002
  1.7298000e+000  1.8730000e-002
  1.7260600e+000  1.9840000e-002
  1.7182900e+000  2.0380000e-002
  1.7106500e+000  2.0230000e-002
  1.7089400e+000  2.1000000e-002
  1.6992900e+000  2.1490000e-002
  1.6931100e+000  2.1870000e-002
  1.6876800e+000  2.2110000e-002
  1.6815000e+000  2.3050000e-002
  1.6748300e+000  2.3620000e-002
  1.6691000e+000  2.4820000e-002
  1.6652200e+000  2.5950000e-002
  1.6578700e+000  2.6920000e-002
  1.6540500e+000  2.7700000e-002
  1.6478600e+000  2.9170000e-002
  1.6449300e+000  2.9460000e-002
  1.6359900e+000  3.1110000e-002
  1.6316500e+000  3.1960000e-002
  1.6250800e+000  3.4360000e-002
  1.6220100e+000  3.5340000e-002
  1.6156200e+000  3.6670000e-002
  1.6116400e+000  3.7750000e-002
  1.6058400e+000  3.9720000e-002
  1.5990900e+000  4.2020000e-002
  1.5973800e+000  4.3080000e-002
  1.5927400e+000  4.5240000e-002
  1.5861800e+000  4.6990000e-002
  1.5825400e+000  4.8320000e-002
  1.5810000e+000  5.1650000e-002
  1.5760300e+000  5.3370000e-002
  1.5736600e+000  5.4850000e-002
  1.5688800e+000  5.6380000e-002
  1.5670100e+000  6.0390000e-002
  1.5629300e+000  6.2050000e-002
  1.5593000e+000  6.4000000e-002
  1.5592900e+000  6.7570000e-002
  1.5582300e+000  7.1300000e-002
  1.5549200e+000  7.5210000e-002
  1.5545800e+000  7.7260000e-002
  1.5534100e+000  8.0620000e-002
  1.5544300e+000  8.4140000e-002
  1.5530500e+000  8.8440000e-002
  1.5556100e+000  9.1070000e-002
  1.5541700e+000  9.5520000e-002
  1.5535100e+000  9.9830000e-002
  1.5565200e+000  1.0414000e-001
  1.5626000e+000  1.0836000e-001
  1.5638600e+000  1.1339000e-001
  1.5665700e+000  1.1847000e-001
  1.5693700e+000  1.2356000e-001
  1.5745000e+000  1.2839000e-001
  1.5772600e+000  1.3357000e-001
  1.5833800e+000  1.3922000e-001
  1.5886400e+000  1.4690000e-001
  1.5961400e+000  1.5309000e-001
  1.6015500e+000  1.5979000e-001
  1.6096300e+000  1.6461000e-001
  1.6164100e+000  1.7195000e-001
  1.6248600e+000  1.7885000e-001
  1.6342800e+000  1.8552000e-001
  1.6414400e+000  1.9295000e-001
  1.6502200e+000  2.0085000e-001
  1.6607400e+000  2.0816000e-001
  1.6705400e+000  2.1537000e-001
  1.6792300e+000  2.2478000e-001
  1.6890400e+000  2.3364000e-001
  1.6989700e+000  2.4116000e-001
  1.7107500e+000  2.4957000e-001
  1.7212500e+000  2.5854000e-001
  1.7306300e+000  2.6550000e-001
  1.7431200e+000  2.7416000e-001
  1.7525100e+000  2.8360000e-001
  1.7653100e+000  2.9204000e-001
  1.7769800e+000  3.0024000e-001
  1.7877800e+000  3.0903000e-001
  1.7977200e+000  3.1778000e-001
  1.8090200e+000  3.2549000e-001
  1.8196800e+000  3.3431000e-001
  1.8336900e+000  3.4132000e-001
  1.8433400e+000  3.4977000e-001
  1.8548800e+000  3.5821000e-001
  1.8653400e+000  3.6614000e-001
  1.8754000e+000  3.7386000e-001
  1.8829000e+000  3.8243000e-001
  1.8954700e+000  3.8758000e-001
  1.9053000e+000  3.9564000e-001
  1.9144700e+000  4.0199000e-001
  1.9249000e+000  4.0827000e-001
  1.9298500e+000  4.1660000e-001
  1.9412700e+000  4.2305000e-001
  1.9496500e+000  4.2868000e-001
  1.9584700e+000  4.3493000e-001
  1.9685400e+000  4.4032000e-001
  1.9770200e+000  4.4496000e-001
  1.9840500e+000  4.5277000e-001
  1.9924500e+000  4.5750000e-001
  2.0015000e+000  4.6169000e-001
  2.0089300e+000  4.6723000e-001
  2.0186500e+000  4.7192000e-001
  2.0261600e+000  4.7684000e-001
  2.0337000e+000  4.8136000e-001
  2.0431100e+000  4.8528000e-001
  2.0495800e+000  4.8949000e-001
  2.0583200e+000  4.9466000e-001
  2.0655600e+000  4.9946000e-001
  2.0774700e+000  5.0193000e-001
  2.0832900e+000  5.0693000e-001
  2.0919100e+000  5.1261000e-001
  2.1012100e+000  5.1536000e-001
  2.1107700e+000  5.1933000e-001
  2.1195400e+000  5.2401000e-001
  2.1293900e+000  5.2711000e-001
  2.1379700e+000  5.3136000e-001
  2.1487800e+000  5.3362000e-001
  2.1564500e+000  5.3878000e-001
  2.1687400e+000  5.4158000e-001
  2.1767100e+000  5.4566000e-001
  2.1881100e+000  5.4841000e-001
  2.1976000e+000  5.5167000e-001
  2.2083100e+000  5.5341000e-001
  2.2191000e+000  5.5677000e-001
  2.2308300e+000  5.5941000e-001
  2.2403100e+000  5.6156000e-001
  2.2512600e+000  5.6238000e-001
  2.2588100e+000  5.6458000e-001
  2.2713600e+000  5.6591000e-001
  2.2821700e+000  5.6672000e-001
  2.2929500e+000  5.6666000e-001
  2.3033400e+000  5.6681000e-001
  2.3093300e+000  5.6838000e-001
  2.3206000e+000  5.6579000e-001
  2.3315500e+000  5.6439000e-001
  2.3381300e+000  5.6451000e-001
  2.3486900e+000  5.6182000e-001
  2.3567000e+000  5.6038000e-001
  2.3646500e+000  5.5739000e-001
  2.3692000e+000  5.5607000e-001
  2.3777400e+000  5.5249000e-001
  2.3840800e+000  5.4840000e-001
  2.3911200e+000  5.4515000e-001
  2.3984200e+000  5.4049000e-001
  2.4012400e+000  5.3572000e-001
  2.4059400e+000  5.3118000e-001
  2.4106900e+000  5.2682000e-001
  2.4160700e+000  5.2065000e-001
  2.4166900e+000  5.1521000e-001
  2.4177100e+000  5.0972000e-001
  2.4201700e+000  5.0524000e-001
  2.4202200e+000  4.9864000e-001
  2.4194600e+000  4.9336000e-001
  2.4190400e+000  4.8665000e-001
  2.4180700e+000  4.8116000e-001
  2.4149300e+000  4.7566000e-001
  2.4124100e+000  4.7059000e-001
  2.4089900e+000  4.6404000e-001
  2.4074300e+000  4.5899000e-001
  2.4045900e+000  4.5259000e-001
  2.3984800e+000  4.4818000e-001
  2.3956400e+000  4.4243000e-001
  2.3862700e+000  4.3974000e-001
  2.3834100e+000  4.3380000e-001
  2.3770000e+000  4.2956000e-001
  2.3711000e+000  4.2511000e-001
  2.3673800e+000  4.2187000e-001
  2.3638500e+000  4.1607000e-001
  2.3539600e+000  4.1499000e-001
  2.3492300e+000  4.1162000e-001
  2.3403500e+000  4.1060000e-001
  2.3369700e+000  4.0617000e-001
  2.3345400e+000  4.0344000e-001
  2.3231500e+000  4.0242000e-001
  2.3221900e+000  4.0105000e-001
  2.3168600e+000  3.9877000e-001
  2.3116700e+000  3.9922000e-001
  2.3075500e+000  3.9810000e-001
  2.3028900e+000  3.9589000e-001
  2.2976800e+000  3.9748000e-001
  2.2946700e+000  3.9831000e-001
  2.2921300e+000  3.9897000e-001
  2.2909800e+000  3.9776000e-001
  2.2915300e+000  3.9876000e-001
  2.2890200e+000  4.0065000e-001
  2.2917500e+000  4.0102000e-001
  2.2903500e+000  4.0227000e-001
  2.2908000e+000  4.0443000e-001
  2.2939000e+000  4.0377000e-001
  2.2960700e+000  4.0651000e-001
  2.2975600e+000  4.0796000e-001
  2.2999200e+000  4.1205000e-001
  2.3065000e+000  4.1165000e-001
  2.3119600e+000  4.1437000e-001
  2.3157900e+000  4.1671000e-001
  2.3225100e+000  4.1817000e-001
  2.3271700e+000  4.2068000e-001
  2.3355400e+000  4.2376000e-001
  2.3445400e+000  4.2414000e-001
  2.3552500e+000  4.2380000e-001
  2.3606700e+000  4.2718000e-001
  2.3683400e+000  4.2870000e-001
  2.3800500e+000  4.2929000e-001
  2.3918800e+000  4.2874000e-001
  2.4019100e+000  4.3115000e-001
  2.4085900e+000  4.3343000e-001
  2.4232900e+000  4.3220000e-001
  2.4330900e+000  4.3389000e-001
  2.4458200e+000  4.3475000e-001
  2.4583200e+000  4.3396000e-001
  2.4691700e+000  4.3516000e-001
  2.4822900e+000  4.3470000e-001
  2.4923600e+000  4.3129000e-001
  2.5064400e+000  4.3655000e-001
  2.5185400e+000  4.3179000e-001
  2.5282000e+000  4.3296000e-001
  2.5403800e+000  4.3254000e-001
  2.5580100e+000  4.2847000e-001
  2.5658900e+000  4.2835000e-001
  2.5729800e+000  4.2668000e-001
  2.5846000e+000  4.2399000e-001
  2.5965300e+000  4.2227000e-001
  2.6072300e+000  4.2008000e-001
  2.6156700e+000  4.1572000e-001
  2.6293400e+000  4.1027000e-001
  2.6365000e+000  4.0959000e-001
  2.6507700e+000  4.0397000e-001
  2.6594900e+000  4.0125000e-001
  2.6681000e+000  3.9828000e-001
  2.6743800e+000  3.9267000e-001
  2.6826000e+000  3.9163000e-001
  2.6857200e+000  3.8764000e-001
  2.6983100e+000  3.7818000e-001
  2.7013500e+000  3.7580000e-001
  2.7077800e+000  3.7065000e-001
  2.7088600e+000  3.6795000e-001
  2.7200900e+000  3.6127000e-001
  2.7209200e+000  3.5891000e-001
  2.7280700e+000  3.4974000e-001
  2.7304900e+000  3.4859000e-001
  2.7326500e+000  3.4355000e-001
  2.7405100e+000  3.3672000e-001
  2.7388200e+000  3.3402000e-001
  2.7413500e+000  3.3005000e-001
  2.7450000e+000  3.2365000e-001
  2.7456100e+000  3.2045000e-001
  2.7510100e+000  3.1460000e-001
  2.7544100e+000  3.1066000e-001
  2.7505600e+000  3.0629000e-001
  2.7530000e+000  3.0090000e-001
  2.7520700e+000  2.9838000e-001
  2.7552000e+000  2.9430000e-001
  2.7533400e+000  2.9038000e-001
  2.7573700e+000  2.8571000e-001
  2.7572000e+000  2.7978000e-001
  2.7564600e+000  2.7546000e-001
  2.7591100e+000  2.7032000e-001
  2.7591700e+000  2.6663000e-001
  2.7584300e+000  2.6433000e-001
  2.7577800e+000  2.5881000e-001
  2.7563400e+000  2.5456000e-001
  2.7561400e+000  2.4893000e-001
  2.7561300e+000  2.4704000e-001
  2.7542300e+000  2.4266000e-001
  2.7550200e+000  2.3624000e-001
  2.7569500e+000  2.3014000e-001
  2.7491300e+000  2.2864000e-001
  2.7492000e+000  2.2277000e-001
  2.7495400e+000  2.1895000e-001
  2.7455200e+000  2.1525000e-001
  2.7427100e+000  2.1103000e-001
  2.7376500e+000  2.0333000e-001
  2.7333800e+000  2.0065000e-001
  2.7315600e+000  1.9691000e-001
  2.7272300e+000  1.9080000e-001
  2.7264200e+000  1.8504000e-001
  2.7151500e+000  1.8187000e-001
  2.7146200e+000  1.7868000e-001
  2.7066300e+000  1.7220000e-001
  2.7028800e+000  1.6952000e-001
  2.7050000e+000  1.6248000e-001
  2.6970100e+000  1.6248000e-001
  2.6943100e+000  1.5626000e-001
  2.6824700e+000  1.5246000e-001
  2.6749000e+000  1.4948000e-001
  2.6724400e+000  1.4596000e-001
  2.6670700e+000  1.4064000e-001
  2.6579900e+000  1.3910000e-001
  2.6512200e+000  1.3728000e-001
  2.6486300e+000  1.3262000e-001
  2.6443000e+000  1.3128000e-001
  2.6351300e+000  1.2477000e-001
  2.6261400e+000  1.2260000e-001
  2.6252700e+000  1.1959000e-001
  2.6236000e+000  1.1332000e-001
  2.6101600e+000  1.1318000e-001
  2.6095500e+000  1.0851000e-001
  2.6041100e+000  1.0471000e-001
  2.5859200e+000  1.0981000e-001
  2.5832800e+000  1.0343000e-001
  2.5761600e+000  1.0262000e-001
  2.5759600e+000  9.8750000e-002
  2.5692200e+000  9.4270000e-002
  2.5599700e+000  9.3260000e-002
  2.5576500e+000  8.8140000e-002
  2.5455500e+000  9.1090000e-002
  2.5451000e+000  8.0140000e-002
  2.5341500e+000  8.0420000e-002
  2.5257600e+000  8.2150000e-002
  2.5220700e+000  7.7790000e-002
  2.5211700e+000  7.4990000e-002
  2.5091100e+000  7.6850000e-002
  2.5043900e+000  7.3250000e-002
  2.5021000e+000  7.2670000e-002
  2.5030800e+000  6.9170000e-002
  2.4914200e+000  6.8820000e-002
  2.4831900e+000  6.4560000e-002
  2.4768200e+000  6.5640000e-002
  2.4753400e+000  6.6040000e-002
  2.4687100e+000  6.8230000e-002
  2.4646200e+000  6.7700000e-002
  2.4547500e+000  6.1130000e-002
  2.4510000e+000  5.9590000e-002
  2.4476500e+000  5.5130000e-002
  2.4404300e+000  5.6170000e-002
  2.4402700e+000  5.4940000e-002
  2.4304900e+000  5.2280000e-002
  2.4254700e+000  5.2090000e-002
  2.4234700e+000  4.9030000e-002
  2.4233500e+000  4.5980000e-002
  2.4089500e+000  4.6020000e-002
  2.4070300e+000  4.5170000e-002
  2.4018600e+000  4.3240000e-002
  2.3984200e+000  4.6820000e-002
  2.3966200e+000  4.0760000e-002
  2.3877100e+000  3.9410000e-002
  2.3854000e+000  4.2220000e-002
  2.3801400e+000  3.8150000e-002
  2.3751400e+000  4.3170000e-002
  2.3687600e+000  4.1910000e-002
  2.3680100e+000  4.0660000e-002
  2.3612500e+000  3.5500000e-002
  2.3532800e+000  3.9950000e-002
  2.3574500e+000  3.3790000e-002
  2.3459000e+000  3.6770000e-002
  2.3448200e+000  3.3450000e-002
  2.3478200e+000  3.3520000e-002
  2.3360100e+000  3.4810000e-002
  2.3339900e+000  3.2190000e-002
  2.3286000e+000  3.2120000e-002
  2.3242300e+000  3.4170000e-002
  2.3241700e+000  3.5610000e-002
  2.3185200e+000  3.3000000e-002
  2.3083600e+000  3.6300000e-002
  2.3084500e+000  2.8650000e-002
  2.3071600e+000  2.5580000e-002
  2.3015100e+000  2.6240000e-002
  2.3029800e+000  2.8950000e-002
