  2.9524587e-001  3.3073891e+000
  2.9780432e-001  3.3237691e+000
  3.0033685e-001  3.3399264e+000
  3.0284394e-001  3.3558643e+000
  3.0532605e-001  3.3715866e+000
  3.0778368e-001  3.3870967e+000
  3.1021728e-001  3.4023980e+000
  3.1262735e-001  3.4174940e+000
  3.1501433e-001  3.4323882e+000
  3.1737870e-001  3.4470840e+000
  3.1972093e-001  3.4615848e+000
  3.2204147e-001  3.4758939e+000
  3.2434078e-001  3.4900147e+000
  3.2661933e-001  3.5039505e+000
  3.2887755e-001  3.5177047e+000
  3.3111592e-001  3.5312806e+000
  3.3333487e-001  3.5446813e+000
  3.3553485e-001  3.5579103e+000
  3.3771631e-001  3.5709706e+000
  3.3987969e-001  3.5838656e+000
  3.4202543e-001  3.5965983e+000
  3.4415396e-001  3.6091721e+000
  3.4626572e-001  3.6215899e+000
  3.4836115e-001  3.6338549e+000
  3.5044067e-001  3.6459703e+000
  3.5250472e-001  3.6579390e+000
  3.5455371e-001  3.6697642e+000
  3.5658806e-001  3.6814489e+000
  3.5860821e-001  3.6929961e+000
  3.6061457e-001  3.7044088e+000
  3.6260754e-001  3.7156899e+000
  3.6458756e-001  3.7268425e+000
  3.6655502e-001  3.7378693e+000
  3.6851034e-001  3.7487734e+000
  3.7045391e-001  3.7595575e+000
  3.7238615e-001  3.7702246e+000
  3.7430746e-001  3.7807775e+000
  3.7621823e-001  3.7912190e+000
  3.7811886e-001  3.8015518e+000
  3.8000975e-001  3.8117788e+000
  3.8189127e-001  3.8219026e+000
  3.8376384e-001  3.8319261e+000
  3.8562782e-001  3.8418518e+000
  3.8748361e-001  3.8516824e+000
  3.8933158e-001  3.8614207e+000
  3.9117212e-001  3.8710692e+000
  3.9300560e-001  3.8806305e+000
  3.9483240e-001  3.8901071e+000
  3.9665289e-001  3.8995018e+000
  3.9846743e-001  3.9088169e+000
  4.0027640e-001  3.9180550e+000
  4.0208016e-001  3.9272185e+000
  4.0387907e-001  3.9363100e+000
  4.0567350e-001  3.9453318e+000
  4.0746379e-001  3.9542864e+000
  4.0925031e-001  3.9631762e+000
  4.1103340e-001  3.9720034e+000
  4.1281342e-001  3.9807705e+000
  4.1459072e-001  3.9894798e+000
  4.1636564e-001  3.9981336e+000
  4.1813852e-001  4.0067341e+000
  4.1990970e-001  4.0152836e+000
  4.2167953e-001  4.0237842e+000
  4.2344833e-001  4.0322383e+000
  4.2521645e-001  4.0406479e+000
  4.2698421e-001  4.0490152e+000
  4.2875193e-001  4.0573424e+000
  4.3051996e-001  4.0656315e+000
  4.3228860e-001  4.0738846e+000
  4.3405818e-001  4.0821038e+000
  4.3582902e-001  4.0902910e+000
  4.3760144e-001  4.0984484e+000
  4.3937575e-001  4.1065778e+000
  4.4115226e-001  4.1146812e+000
  4.4293128e-001  4.1227606e+000
  4.4471312e-001  4.1308178e+000
  4.4649807e-001  4.1388548e+000
  4.4828645e-001  4.1468734e+000
  4.5007856e-001  4.1548753e+000
  4.5187468e-001  4.1628626e+000
  4.5367512e-001  4.1708368e+000
  4.5548016e-001  4.1787998e+000
  4.5729010e-001  4.1867534e+000
  4.5910522e-001  4.1946991e+000
  4.6092580e-001  4.2026388e+000
  4.6275214e-001  4.2105741e+000
  4.6458451e-001  4.2185065e+000
  4.6642318e-001  4.2264378e+000
  4.6826844e-001  4.2343695e+000
  4.7012056e-001  4.2423032e+000
  4.7197980e-001  4.2502403e+000
  4.7384643e-001  4.2581826e+000
  4.7572072e-001  4.2661313e+000
  4.7760294e-001  4.2740881e+000
  4.7949334e-001  4.2820543e+000
  4.8139218e-001  4.2900313e+000
  4.8329972e-001  4.2980207e+000
  4.8521620e-001  4.3060236e+000
  4.8714189e-001  4.3140415e+000
  4.8907703e-001  4.3220757e+000
  4.9102187e-001  4.3301275e+000
  4.9297664e-001  4.3381982e+000
  4.9494160e-001  4.3462890e+000
  4.9691698e-001  4.3544011e+000
  4.9890301e-001  4.3625358e+000
  5.0089994e-001  4.3706942e+000
  5.0290798e-001  4.3788775e+000
  5.0492738e-001  4.3870868e+000
  5.0695836e-001  4.3953232e+000
  5.0900114e-001  4.4035879e+000
  5.1105594e-001  4.4118818e+000
  5.1312299e-001  4.4202060e+000
  5.1520250e-001  4.4285614e+000
  5.1729468e-001  4.4369492e+000
  5.1939976e-001  4.4453703e+000
  5.2151793e-001  4.4538255e+000
  5.2364940e-001  4.4623159e+000
  5.2579439e-001  4.4708423e+000
  5.2795309e-001  4.4794056e+000
  5.3012570e-001  4.4880066e+000
  5.3231243e-001  4.4966461e+000
  5.3451346e-001  4.5053250e+000
  5.3672899e-001  4.5140440e+000
  5.3895921e-001  4.5228039e+000
  5.4120430e-001  4.5316055e+000
  5.4346446e-001  4.5404493e+000
  5.4573987e-001  4.5493362e+000
  5.4803070e-001  4.5582667e+000
  5.5033714e-001  4.5672415e+000
  5.5265936e-001  4.5762612e+000
  5.5499754e-001  4.5853265e+000
  5.5735184e-001  4.5944378e+000
  5.5972244e-001  4.6035958e+000
  5.6210950e-001  4.6128009e+000
  5.6451318e-001  4.6220537e+000
  5.6693365e-001  4.6313546e+000
  5.6937107e-001  4.6407041e+000
  5.7182559e-001  4.6501027e+000
  5.7429736e-001  4.6595506e+000
  5.7678655e-001  4.6690485e+000
  5.7929329e-001  4.6785965e+000
  5.8181773e-001  4.6881951e+000
  5.8436003e-001  4.6978445e+000
  5.8692031e-001  4.7075452e+000
  5.8949873e-001  4.7172973e+000
  5.9209542e-001  4.7271011e+000
  5.9471051e-001  4.7369569e+000
  5.9734413e-001  4.7468649e+000
  5.9999642e-001  4.7568252e+000
  6.0266750e-001  4.7668381e+000
  6.0535750e-001  4.7769037e+000
  6.0806654e-001  4.7870222e+000
  6.1079474e-001  4.7971936e+000
  6.1354222e-001  4.8074180e+000
  6.1630910e-001  4.8176955e+000
  6.1909548e-001  4.8280262e+000
  6.2190148e-001  4.8384101e+000
  6.2472721e-001  4.8488472e+000
  6.2757277e-001  4.8593374e+000
  6.3043826e-001  4.8698808e+000
  6.3332380e-001  4.8804773e+000
  6.3622946e-001  4.8911268e+000
  6.3915536e-001  4.9018293e+000
  6.4210158e-001  4.9125845e+000
  6.4506822e-001  4.9233925e+000
  6.4805537e-001  4.9342530e+000
  6.5106310e-001  4.9451658e+000
  6.5409151e-001  4.9561309e+000
  6.5714068e-001  4.9671478e+000
  6.6021068e-001  4.9782166e+000
  6.6330160e-001  4.9893368e+000
  6.6641350e-001  5.0005082e+000
  6.6954647e-001  5.0117306e+000
  6.7270056e-001  5.0230036e+000
  6.7587585e-001  5.0343269e+000
  6.7907240e-001  5.0457001e+000
  6.8229027e-001  5.0571230e+000
  6.8552952e-001  5.0685951e+000
  6.8879022e-001  5.0801160e+000
  6.9207241e-001  5.0916854e+000
  6.9537614e-001  5.1033027e+000
  6.9870148e-001  5.1149676e+000
  7.0204846e-001  5.1266796e+000
  7.0541713e-001  5.1384382e+000
  7.0880753e-001  5.1502428e+000
  7.1221971e-001  5.1620930e+000
  7.1565370e-001  5.1739883e+000
  7.1910954e-001  5.1859281e+000
  7.2258725e-001  5.1979118e+000
  7.2608688e-001  5.2099388e+000
  7.2960845e-001  5.2220086e+000
  7.3315199e-001  5.2341205e+000
  7.3671752e-001  5.2462738e+000
  7.4030505e-001  5.2584681e+000
  7.4391462e-001  5.2707025e+000
  7.4754623e-001  5.2829764e+000
  7.5119990e-001  5.2952891e+000
  7.5487564e-001  5.3076399e+000
  7.5857346e-001  5.3200281e+000
  7.6229337e-001  5.3324529e+000
  7.6603537e-001  5.3449136e+000
  7.6979946e-001  5.3574094e+000
  7.7358564e-001  5.3699396e+000
  7.7739391e-001  5.3825032e+000
  7.8122427e-001  5.3950996e+000
  7.8507670e-001  5.4077279e+000
  7.8895119e-001  5.4203872e+000
  7.9284774e-001  5.4330768e+000
  7.9676632e-001  5.4457957e+000
  8.0070692e-001  5.4585430e+000
  8.0466952e-001  5.4713179e+000
  8.0865410e-001  5.4841195e+000
  8.1266063e-001  5.4969468e+000
  8.1668909e-001  5.5097990e+000
  8.2073944e-001  5.5226750e+000
  8.2481165e-001  5.5355739e+000
  8.2890569e-001  5.5484948e+000
  8.3302152e-001  5.5614367e+000
  8.3715911e-001  5.5743986e+000
  8.4131840e-001  5.5873794e+000
  8.4549936e-001  5.6003783e+000
  8.4970194e-001  5.6133941e+000
  8.5392609e-001  5.6264258e+000
  8.5817176e-001  5.6394724e+000
  8.6243889e-001  5.6525328e+000
  8.6672743e-001  5.6656060e+000
  8.7103732e-001  5.6786909e+000
  8.7536850e-001  5.6917864e+000
  8.7972090e-001  5.7048914e+000
  8.8409447e-001  5.7180048e+000
  8.8848912e-001  5.7311256e+000
  8.9290479e-001  5.7442525e+000
  8.9734141e-001  5.7573844e+000
  9.0179890e-001  5.7705203e+000
  9.0627719e-001  5.7836589e+000
  9.1077618e-001  5.7967992e+000
  9.1529580e-001  5.8099399e+000
  9.1983597e-001  5.8230799e+000
  9.2439660e-001  5.8362180e+000
  9.2897759e-001  5.8493530e+000
  9.3357885e-001  5.8624838e+000
  9.3820029e-001  5.8756091e+000
  9.4284181e-001  5.8887277e+000
  9.4750332e-001  5.9018384e+000
  9.5218470e-001  5.9149401e+000
  9.5688585e-001  5.9280314e+000
  9.6160667e-001  5.9411112e+000
  9.6634705e-001  5.9541782e+000
  9.7110688e-001  5.9672312e+000
  9.7588603e-001  5.9802689e+000
  9.8068440e-001  5.9932902e+000
  9.8550186e-001  6.0062936e+000
  9.9033830e-001  6.0192781e+000
  9.9519358e-001  6.0322422e+000
  1.0000676e+000  6.0451849e+000
  1.0049602e+000  6.0581047e+000
  1.0098713e+000  6.0710004e+000
  1.0148006e+000  6.0838708e+000
  1.0197482e+000  6.0967145e+000
  1.0247139e+000  6.1095304e+000
  1.0296974e+000  6.1223170e+000
  1.0346987e+000  6.1350732e+000
  1.0397177e+000  6.1477976e+000
  1.0447541e+000  6.1604889e+000
  1.0498078e+000  6.1731459e+000
  1.0548788e+000  6.1857673e+000
  1.0599667e+000  6.1983518e+000
  1.0650715e+000  6.2108981e+000
  1.0701930e+000  6.2234048e+000
  1.0753310e+000  6.2358708e+000
  1.0804854e+000  6.2482947e+000
  1.0856560e+000  6.2606752e+000
  1.0908426e+000  6.2730111e+000
  1.0960451e+000  6.2853010e+000
  1.1012632e+000  6.2975437e+000
  1.1064969e+000  6.3097378e+000
  1.1117459e+000  6.3218822e+000
  1.1170101e+000  6.3339755e+000
  1.1222892e+000  6.3460164e+000
  1.1275830e+000  6.3580037e+000
  1.1328915e+000  6.3699361e+000
  1.1382144e+000  6.3818123e+000
  1.1435514e+000  6.3936310e+000
  1.1489025e+000  6.4053911e+000
  1.1542673e+000  6.4170912e+000
  1.1596458e+000  6.4287300e+000
  1.1650376e+000  6.4403064e+000
  1.1704427e+000  6.4518191e+000
  1.1758607e+000  6.4632669e+000
  1.1812915e+000  6.4746484e+000
  1.1867349e+000  6.4859626e+000
  1.1921906e+000  6.4972081e+000
  1.1976584e+000  6.5083838e+000
  1.2031381e+000  6.5194884e+000
  1.2086295e+000  6.5305208e+000
  1.2141324e+000  6.5414797e+000
  1.2196465e+000  6.5523640e+000
  1.2251715e+000  6.5631725e+000
  1.2307074e+000  6.5739040e+000
  1.2362537e+000  6.5845574e+000
  1.2418104e+000  6.5951314e+000
  1.2473771e+000  6.6056251e+000
  1.2529536e+000  6.6160371e+000
  1.2585396e+000  6.6263665e+000
  1.2641350e+000  6.6366120e+000
  1.2697394e+000  6.6467727e+000
  1.2753527e+000  6.6568473e+000
  1.2809745e+000  6.6668348e+000
  1.2866046e+000  6.6767342e+000
  1.2922427e+000  6.6865444e+000
  1.2978886e+000  6.6962643e+000
  1.3035421e+000  6.7058929e+000
  1.3092027e+000  6.7154291e+000
  1.3148704e+000  6.7248721e+000
  1.3205447e+000  6.7342207e+000
  1.3262255e+000  6.7434740e+000
  1.3319125e+000  6.7526310e+000
  1.3376053e+000  6.7616908e+000
  1.3433037e+000  6.7706524e+000
  1.3490074e+000  6.7795149e+000
  1.3547161e+000  6.7882774e+000
  1.3604296e+000  6.7969391e+000
  1.3661475e+000  6.8054989e+000
  1.3718696e+000  6.8139561e+000
  1.3775955e+000  6.8223098e+000
  1.3833250e+000  6.8305591e+000
  1.3890578e+000  6.8387034e+000
  1.3947935e+000  6.8467417e+000
  1.4005318e+000  6.8546733e+000
  1.4062725e+000  6.8624975e+000
  1.4120152e+000  6.8702135e+000
  1.4177596e+000  6.8778205e+000
  1.4235054e+000  6.8853180e+000
  1.4292523e+000  6.8927051e+000
  1.4350000e+000  6.8999813e+000
  1.4407481e+000  6.9071459e+000
  1.4464963e+000  6.9141982e+000
  1.4522443e+000  6.9211378e+000
  1.4579918e+000  6.9279640e+000
  1.4637384e+000  6.9346762e+000
  1.4694838e+000  6.9412739e+000
  1.4752276e+000  6.9477566e+000
  1.4809696e+000  6.9541239e+000
  1.4867093e+000  6.9603752e+000
  1.4924465e+000  6.9665101e+000
  1.4981807e+000  6.9725282e+000
  1.5039117e+000  6.9784291e+000
  1.5096391e+000  6.9842124e+000
  1.5153625e+000  6.9898779e+000
  1.5210815e+000  6.9954251e+000
  1.5267959e+000  7.0008538e+000
  1.5325052e+000  7.0061637e+000
  1.5382091e+000  7.0113546e+000
  1.5439073e+000  7.0164263e+000
  1.5495993e+000  7.0213785e+000
  1.5552847e+000  7.0262112e+000
  1.5609633e+000  7.0309241e+000
  1.5666346e+000  7.0355173e+000
  1.5722983e+000  7.0399906e+000
  1.5779539e+000  7.0443440e+000
  1.5836012e+000  7.0485774e+000
  1.5892396e+000  7.0526910e+000
  1.5948689e+000  7.0566846e+000
  1.6004885e+000  7.0605585e+000
  1.6060983e+000  7.0643128e+000
  1.6116976e+000  7.0679475e+000
  1.6172862e+000  7.0714629e+000
  1.6228637e+000  7.0748591e+000
  1.6284296e+000  7.0781364e+000
  1.6339835e+000  7.0812950e+000
  1.6395251e+000  7.0843354e+000
  1.6450538e+000  7.0872578e+000
  1.6505694e+000  7.0900625e+000
  1.6560714e+000  7.0927501e+000
  1.6615593e+000  7.0953209e+000
  1.6670328e+000  7.0977754e+000
  1.6724915e+000  7.1001141e+000
  1.6779348e+000  7.1023377e+000
  1.6833625e+000  7.1044467e+000
  1.6887740e+000  7.1064416e+000
  1.6941689e+000  7.1083233e+000
  1.6995468e+000  7.1100923e+000
  1.7049072e+000  7.1117495e+000
  1.7102498e+000  7.1132956e+000
  1.7155741e+000  7.1147314e+000
  1.7208795e+000  7.1160578e+000
  1.7261658e+000  7.1172756e+000
  1.7314324e+000  7.1183860e+000
  1.7366789e+000  7.1193897e+000
  1.7419048e+000  7.1202879e+000
  1.7471097e+000  7.1210816e+000
  1.7522931e+000  7.1217719e+000
  1.7574546e+000  7.1223600e+000
  1.7625937e+000  7.1228470e+000
  1.7677099e+000  7.1232343e+000
  1.7728027e+000  7.1235230e+000
  1.7778718e+000  7.1237145e+000
  1.7829166e+000  7.1238103e+000
  1.7879366e+000  7.1238116e+000
  1.7929314e+000  7.1237200e+000
  1.7979005e+000  7.1235371e+000
  1.8028434e+000  7.1232642e+000
  1.8077596e+000  7.1229031e+000
  1.8126486e+000  7.1224554e+000
  1.8175100e+000  7.1219228e+000
  1.8223432e+000  7.1213070e+000
  1.8271478e+000  7.1206099e+000
  1.8319233e+000  7.1198332e+000
  1.8366691e+000  7.1189790e+000
  1.8413848e+000  7.1180491e+000
  1.8460698e+000  7.1170456e+000
  1.8507237e+000  7.1159704e+000
  1.8553460e+000  7.1148258e+000
  1.8599360e+000  7.1136138e+000
  1.8644934e+000  7.1123367e+000
  1.8690176e+000  7.1109967e+000
  1.8735081e+000  7.1095961e+000
  1.8779643e+000  7.1081373e+000
  1.8823858e+000  7.1066228e+000
  1.8867719e+000  7.1050550e+000
  1.8911223e+000  7.1034364e+000
  1.8954363e+000  7.1017696e+000
  1.8997135e+000  7.1000574e+000
  1.9039532e+000  7.0983023e+000
  1.9081550e+000  7.0965072e+000
  1.9123182e+000  7.0946749e+000
  1.9164425e+000  7.0928082e+000
  1.9205272e+000  7.0909100e+000
  1.9245717e+000  7.0889835e+000
  1.9285756e+000  7.0870316e+000
  1.9325382e+000  7.0850575e+000
  1.9364590e+000  7.0830643e+000
  1.9403375e+000  7.0810553e+000
  1.9441731e+000  7.0790338e+000
  1.9479653e+000  7.0770031e+000
  1.9517134e+000  7.0749666e+000
  1.9554169e+000  7.0729280e+000
  1.9590752e+000  7.0708906e+000
  1.9626879e+000  7.0688582e+000
  1.9662542e+000  7.0668344e+000
  1.9697736e+000  7.0648229e+000
  1.9732455e+000  7.0628277e+000
  1.9766694e+000  7.0608525e+000
  1.9800447e+000  7.0589013e+000
  1.9833708e+000  7.0569781e+000
  1.9866470e+000  7.0550870e+000
  1.9898729e+000  7.0532322e+000
  1.9930477e+000  7.0514179e+000
  1.9961710e+000  7.0496483e+000
  1.9992421e+000  7.0479279e+000
  2.0022604e+000  7.0462610e+000
  2.0052253e+000  7.0446522e+000
  2.0081362e+000  7.0431061e+000
  2.0109926e+000  7.0416272e+000
  2.0137937e+000  7.0402203e+000
  2.0165390e+000  7.0388902e+000
  2.0192278e+000  7.0376417e+000
  2.0218596e+000  7.0364798e+000
  2.0244337e+000  7.0354096e+000
  2.0269495e+000  7.0344360e+000
  2.0294064e+000  7.0335643e+000
  2.0318037e+000  7.0327997e+000
  2.0341408e+000  7.0321475e+000
  2.0364171e+000  7.0316131e+000
  2.0386320e+000  7.0312020e+000
  2.0407848e+000  7.0309197e+000
  2.0428749e+000  7.0307719e+000
  2.0449016e+000  7.0307643e+000
  2.0468642e+000  7.0309026e+000
  2.0487623e+000  7.0311927e+000
  2.0505950e+000  7.0316407e+000
  2.0523617e+000  7.0322524e+000
  2.0540618e+000  7.0330341e+000
  2.0556947e+000  7.0339919e+000
  2.0572596e+000  7.0351321e+000
  2.0587560e+000  7.0364610e+000
  2.0601831e+000  7.0379852e+000
  2.0615403e+000  7.0397111e+000
  2.0628268e+000  7.0416454e+000
  2.0640422e+000  7.0437948e+000
  2.0651855e+000  7.0461661e+000
  2.0662563e+000  7.0487661e+000
  2.0672538e+000  7.0516018e+000
  2.0681773e+000  7.0546803e+000
  2.0690262e+000  7.0580087e+000
  2.0697997e+000  7.0615942e+000
  2.0704972e+000  7.0654442e+000
  2.0711180e+000  7.0695661e+000
  2.0716614e+000  7.0739674e+000
  2.0721267e+000  7.0786557e+000
  2.0725132e+000  7.0836386e+000
  2.0728202e+000  7.0889240e+000
  2.0730470e+000  7.0945197e+000
  2.0731928e+000  7.1004338e+000
  2.0732571e+000  7.1066742e+000
  2.0732390e+000  7.1132491e+000
  2.0731379e+000  7.1201668e+000
  2.0729531e+000  7.1274356e+000
  2.0726838e+000  7.1350641e+000
  2.0723293e+000  7.1430606e+000
  2.0718889e+000  7.1514339e+000
