  2.3575400e+000  9.6600000e-004
  2.3395900e+000  1.1500000e-002
  2.3558300e+000  1.6900000e-003
  2.3448000e+000  4.7000000e-003
  2.3216500e+000  3.8100000e-003
  2.3113200e+000  4.7900000e-004
  2.3160000e+000  1.5500000e-003
  2.3083900e+000  6.2100000e-005
  2.3014100e+000  2.0300000e-003
  2.3014400e+000  3.5700000e-004
  2.2961900e+000  1.2700000e-004
  2.2933700e+000  2.3900000e-003
  2.2815600e+000  2.8600000e-003
  2.2795800e+000  3.7100000e-003
  2.2765900e+000  5.3700000e-003
  2.2674100e+000  5.0800000e-003
  2.2657100e+000  2.4900000e-003
  2.2590100e+000  3.4400000e-003
  2.2552900e+000  4.4200000e-003
  2.2447200e+000  1.8400000e-003
  2.2462600e+000  7.4600000e-003
  2.2348800e+000  6.2000000e-003
  2.2349400e+000  5.6100000e-003
  2.2252800e+000  3.6500000e-003
  2.2251200e+000  6.5400000e-003
  2.2168600e+000  5.2900000e-003
  2.2134500e+000  7.6200000e-003
  2.2104000e+000  5.6700000e-003
  2.2077100e+000  6.4700000e-003
  2.2036000e+000  5.1200000e-003
  2.1974800e+000  7.3400000e-003
  2.1916400e+000  5.6900000e-003
  2.1881800e+000  7.7600000e-003
  2.1835900e+000  7.2400000e-003
  2.1834800e+000  6.7300000e-003
  2.1767100e+000  5.6300000e-003
  2.1723700e+000  6.5900000e-003
  2.1696100e+000  5.0900000e-003
  2.1644300e+000  5.1300000e-003
  2.1640100e+000  6.9000000e-003
  2.1605800e+000  5.9500000e-003
  2.1538700e+000  6.6100000e-003
  2.1536700e+000  6.5500000e-003
  2.1500200e+000  8.1200000e-003
  2.1413700e+000  5.4300000e-003
  2.1376900e+000  6.9500000e-003
  2.1357000e+000  6.5700000e-003
  2.1325300e+000  5.5900000e-003
  2.1297600e+000  6.8100000e-003
  2.1258500e+000  5.5400000e-003
  2.1225400e+000  6.3500000e-003
  2.1214000e+000  5.9600000e-003
  2.1176500e+000  6.6700000e-003
  2.1144400e+000  6.8100000e-003
  2.1106200e+000  6.6100000e-003
  2.1065100e+000  6.9700000e-003
  2.1054700e+000  5.7300000e-003
  2.0987100e+000  6.7700000e-003
  2.0998300e+000  6.2600000e-003
  2.0965000e+000  7.5400000e-003
  2.0918100e+000  6.2300000e-003
  2.0893700e+000  6.7300000e-003
  2.0861500e+000  6.2700000e-003
  2.0827800e+000  5.4800000e-003
  2.0799300e+000  6.1100000e-003
  2.0763100e+000  5.2300000e-003
  2.0760100e+000  5.7200000e-003
  2.0759000e+000  6.6200000e-003
  2.0700600e+000  5.1200000e-003
  2.0679500e+000  5.1200000e-003
  2.0634900e+000  6.4200000e-003
  2.0597000e+000  5.7700000e-003
  2.0610500e+000  5.9500000e-003
  2.0584400e+000  5.9900000e-003
  2.0538000e+000  6.2700000e-003
  2.0526300e+000  6.8300000e-003
  2.0510300e+000  6.1800000e-003
  2.0469200e+000  6.5300000e-003
  2.0449100e+000  5.9300000e-003
  2.0411300e+000  6.5600000e-003
  2.0393000e+000  6.1500000e-003
  2.0391300e+000  6.1400000e-003
  2.0351300e+000  4.7400000e-003
  2.0336200e+000  4.8700000e-003
  2.0301500e+000  6.0000000e-003
  2.0281800e+000  5.7500000e-003
  2.0256300e+000  5.6800000e-003
  2.0248800e+000  4.7900000e-003
  2.0257800e+000  6.2500000e-003
  2.0191700e+000  3.8700000e-003
  2.0173100e+000  5.7400000e-003
  2.0169200e+000  6.2600000e-003
  2.0131300e+000  5.6200000e-003
  2.0114200e+000  7.1900000e-003
  2.0103100e+000  6.6500000e-003
  2.0072400e+000  5.8100000e-003
  2.0067900e+000  5.7400000e-003
  2.0047900e+000  5.8800000e-003
  2.0015000e+000  6.0700000e-003
  2.0027900e+000  4.8100000e-003
  1.9997400e+000  5.2400000e-003
  1.9983600e+000  6.0800000e-003
  1.9957800e+000  5.5100000e-003
  1.9914000e+000  5.0800000e-003
  1.9919400e+000  5.4900000e-003
  1.9906600e+000  4.9100000e-003
  1.9853100e+000  4.8400000e-003
  1.9849500e+000  5.5100000e-003
  1.9827200e+000  5.5100000e-003
  1.9828900e+000  5.1700000e-003
  1.9800300e+000  5.0500000e-003
  1.9786900e+000  4.5100000e-003
  1.9786600e+000  6.6300000e-003
  1.9750800e+000  5.9900000e-003
  1.9757900e+000  5.5200000e-003
  1.9709400e+000  5.3900000e-003
  1.9708900e+000  5.1700000e-003
  1.9685000e+000  5.2800000e-003
  1.9662500e+000  5.4200000e-003
  1.9649300e+000  6.5800000e-003
  1.9626000e+000  6.8400000e-003
  1.9637100e+000  5.3200000e-003
  1.9603500e+000  5.6400000e-003
  1.9600000e+000  6.2000000e-003
  1.9560700e+000  7.0300000e-003
  1.9556200e+000  6.4900000e-003
  1.9549400e+000  4.7300000e-003
  1.9549700e+000  7.0900000e-003
  1.9491200e+000  6.7300000e-003
  1.9474300e+000  5.1400000e-003
  1.9485000e+000  5.8200000e-003
  1.9450500e+000  5.4200000e-003
  1.9437600e+000  5.3100000e-003
  1.9424800e+000  6.2700000e-003
  1.9417600e+000  5.9700000e-003
  1.9412300e+000  5.7900000e-003
  1.9372100e+000  6.2700000e-003
  1.9375100e+000  6.6900000e-003
  1.9344700e+000  5.2400000e-003
  1.9346300e+000  6.5000000e-003
  1.9341800e+000  5.8000000e-003
  1.9296100e+000  6.9000000e-003
  1.9293500e+000  5.8900000e-003
  1.9278000e+000  6.1900000e-003
  1.9256200e+000  5.5700000e-003
  1.9258200e+000  5.2400000e-003
  1.9235600e+000  4.8900000e-003
  1.9214400e+000  4.8000000e-003
  1.9232600e+000  5.1900000e-003
  1.9180000e+000  5.2500000e-003
  1.9175500e+000  5.5500000e-003
  1.9160400e+000  5.5900000e-003
  1.9153700e+000  6.3100000e-003
  1.9121300e+000  6.4800000e-003
  1.9107500e+000  6.3900000e-003
  1.9100300e+000  6.4700000e-003
  1.9077600e+000  6.2900000e-003
  1.9070900e+000  5.4500000e-003
  1.9054800e+000  6.1600000e-003
  1.9051000e+000  5.5100000e-003
  1.9040500e+000  5.8000000e-003
  1.9011200e+000  6.6600000e-003
  1.8999000e+000  6.4100000e-003
  1.8998800e+000  6.7600000e-003
  1.8984500e+000  5.3100000e-003
  1.8974800e+000  6.0300000e-003
  1.8960000e+000  5.5500000e-003
  1.8939200e+000  5.7600000e-003
  1.8926500e+000  5.3500000e-003
  1.8913100e+000  5.0200000e-003
  1.8897500e+000  5.9200000e-003
  1.8889400e+000  4.6000000e-003
  1.8877700e+000  5.4900000e-003
  1.8868400e+000  5.2900000e-003
  1.8837000e+000  4.4100000e-003
  1.8818400e+000  5.6500000e-003
  1.8804900e+000  5.7000000e-003
  1.8806400e+000  6.8600000e-003
  1.8796600e+000  4.9900000e-003
  1.8784100e+000  6.1700000e-003
  1.8768800e+000  6.4000000e-003
  1.8745500e+000  6.1700000e-003
  1.8748100e+000  4.9900000e-003
  1.8728200e+000  4.1000000e-003
  1.8716700e+000  5.7800000e-003
  1.8695600e+000  5.6100000e-003
  1.8710600e+000  5.1400000e-003
  1.8697000e+000  4.2500000e-003
  1.8677200e+000  5.6900000e-003
  1.8677800e+000  6.5200000e-003
  1.8659900e+000  5.2800000e-003
  1.8636800e+000  6.0500000e-003
  1.8630200e+000  5.8900000e-003
  1.8607900e+000  6.0600000e-003
  1.8597100e+000  5.6600000e-003
  1.8575200e+000  6.0000000e-003
  1.8564300e+000  5.7500000e-003
  1.8553700e+000  6.1900000e-003
  1.8534600e+000  5.9500000e-003
  1.8551300e+000  5.2200000e-003
  1.8566100e+000  5.3500000e-003
  1.8519600e+000  4.2700000e-003
  1.8495000e+000  5.5500000e-003
  1.8494000e+000  4.5800000e-003
  1.8503500e+000  4.6600000e-003
  1.8491300e+000  6.6600000e-003
  1.8459600e+000  6.9700000e-003
  1.8458000e+000  6.1800000e-003
  1.8461000e+000  6.3000000e-003
  1.8448600e+000  7.2500000e-003
  1.8439200e+000  6.4500000e-003
  1.8425400e+000  5.3600000e-003
  1.8409800e+000  5.1600000e-003
  1.8397100e+000  6.2900000e-003
  1.8394600e+000  6.2500000e-003
  1.8368900e+000  6.4000000e-003
  1.8382000e+000  5.6800000e-003
  1.8356000e+000  4.8700000e-003
  1.8358700e+000  4.5200000e-003
  1.8340800e+000  5.8700000e-003
  1.8340400e+000  6.6600000e-003
  1.8320500e+000  5.9400000e-003
  1.8320500e+000  5.9300000e-003
  1.8304800e+000  7.0000000e-003
  1.8307100e+000  6.6400000e-003
  1.8284200e+000  6.4100000e-003
  1.8265400e+000  6.4900000e-003
  1.8270600e+000  5.2200000e-003
  1.8260900e+000  5.5200000e-003
  1.8237700e+000  4.4700000e-003
  1.8220800e+000  6.0800000e-003
  1.8231800e+000  7.0600000e-003
  1.8207400e+000  6.6600000e-003
  1.8206300e+000  8.0600000e-003
  1.8187800e+000  5.2000000e-003
  1.8182800e+000  6.5100000e-003
  1.8176400e+000  6.4200000e-003
  1.8158900e+000  6.2500000e-003
  1.8155800e+000  5.1500000e-003
  1.8118200e+000  5.3700000e-003
  1.8126600e+000  6.3300000e-003
  1.8102300e+000  4.5200000e-003
  1.8107300e+000  5.8600000e-003
  1.8095500e+000  4.9700000e-003
  1.8063800e+000  5.3300000e-003
  1.8074900e+000  5.0900000e-003
  1.8054300e+000  5.2700000e-003
  1.8044700e+000  5.2400000e-003
  1.8047700e+000  6.6000000e-003
  1.8040800e+000  5.8500000e-003
  1.8012400e+000  5.2900000e-003
  1.8023100e+000  5.6600000e-003
  1.8004200e+000  5.8700000e-003
  1.8000100e+000  5.2100000e-003
  1.7986000e+000  5.4400000e-003
  1.7975500e+000  5.0600000e-003
  1.7974300e+000  5.2500000e-003
  1.7956500e+000  5.0900000e-003
  1.7964000e+000  5.7600000e-003
  1.7957000e+000  6.5200000e-003
  1.7951300e+000  5.2500000e-003
  1.7938000e+000  5.5200000e-003
  1.7925900e+000  6.7400000e-003
  1.7923200e+000  6.2900000e-003
  1.7920100e+000  6.0600000e-003
  1.7909700e+000  7.1700000e-003
  1.7918700e+000  5.9000000e-003
  1.7917700e+000  6.3100000e-003
  1.7891900e+000  5.5000000e-003
  1.7882600e+000  7.0200000e-003
  1.7884200e+000  6.8600000e-003
  1.7871200e+000  6.6700000e-003
  1.7876100e+000  5.5300000e-003
  1.7866400e+000  6.7000000e-003
  1.7855100e+000  7.2100000e-003
  1.7855700e+000  5.2400000e-003
  1.7859600e+000  6.3800000e-003
  1.7841300e+000  6.6500000e-003
  1.7834000e+000  6.7800000e-003
  1.7825700e+000  6.8200000e-003
  1.7819700e+000  5.6100000e-003
  1.7810300e+000  6.1400000e-003
  1.7801400e+000  4.5700000e-003
  1.7808800e+000  5.1700000e-003
  1.7785900e+000  6.1700000e-003
  1.7781000e+000  5.4600000e-003
  1.7783500e+000  5.6800000e-003
  1.7779500e+000  7.5900000e-003
  1.7772500e+000  6.2600000e-003
  1.7764500e+000  5.2700000e-003
  1.7763400e+000  5.8600000e-003
  1.7754700e+000  5.8600000e-003
  1.7755000e+000  5.9300000e-003
  1.7744700e+000  5.1800000e-003
  1.7741800e+000  5.1100000e-003
  1.7734300e+000  6.3500000e-003
  1.7716500e+000  6.5200000e-003
  1.7734900e+000  5.0400000e-003
  1.7710400e+000  5.8100000e-003
  1.7706600e+000  4.5200000e-003
  1.7693700e+000  6.3800000e-003
  1.7690300e+000  5.5700000e-003
  1.7691000e+000  5.2700000e-003
  1.7681300e+000  5.1800000e-003
  1.7684300e+000  5.4900000e-003
  1.7666100e+000  4.8300000e-003
  1.7657000e+000  5.6700000e-003
  1.7646200e+000  4.7700000e-003
  1.7647200e+000  5.1900000e-003
  1.7642700e+000  7.1800000e-003
  1.7637200e+000  5.9900000e-003
  1.7626600e+000  5.1400000e-003
  1.7629100e+000  6.0900000e-003
  1.7611600e+000  4.3100000e-003
  1.7614900e+000  6.3500000e-003
  1.7617200e+000  5.5600000e-003
  1.7595200e+000  6.2400000e-003
  1.7589200e+000  5.5500000e-003
  1.7604000e+000  6.7800000e-003
  1.7577900e+000  6.3900000e-003
  1.7577600e+000  5.3400000e-003
  1.7569300e+000  7.0400000e-003
  1.7569500e+000  7.1900000e-003
  1.7574400e+000  5.1500000e-003
  1.7571200e+000  7.3700000e-003
  1.7549700e+000  6.5900000e-003
  1.7566700e+000  7.4000000e-003
  1.7553800e+000  6.2300000e-003
  1.7554600e+000  6.6200000e-003
  1.7552500e+000  5.3600000e-003
  1.7539400e+000  4.8600000e-003
  1.7561900e+000  8.1800000e-003
  1.7562500e+000  5.3300000e-003
  1.7568100e+000  6.8100000e-003
  1.7559300e+000  5.7600000e-003
  1.7560700e+000  7.1700000e-003
  1.7555400e+000  6.4800000e-003
  1.7567400e+000  6.2600000e-003
  1.7556600e+000  6.0900000e-003
  1.7567600e+000  6.4500000e-003
  1.7568000e+000  5.3100000e-003
  1.7595700e+000  5.4700000e-003
  1.7589500e+000  7.7400000e-003
  1.7590200e+000  6.6200000e-003
  1.7592400e+000  7.6900000e-003
  1.7606700e+000  7.4000000e-003
  1.7623600e+000  7.0500000e-003
  1.7628600e+000  8.3600000e-003
  1.7630900e+000  8.1400000e-003
  1.7636000e+000  9.1800000e-003
  1.7627200e+000  7.9700000e-003
  1.7655000e+000  8.1200000e-003
  1.7648800e+000  7.8100000e-003
  1.7660400e+000  9.0500000e-003
  1.7694900e+000  8.4800000e-003
  1.7705400e+000  9.4100000e-003
  1.7708400e+000  8.4800000e-003
  1.7748000e+000  9.8500000e-003
  1.7726400e+000  7.4100000e-003
  1.7712100e+000  9.0100000e-003
  1.7750500e+000  9.5300000e-003
  1.7765800e+000  9.4600000e-003
  1.7775100e+000  8.8500000e-003
  1.7763300e+000  1.0160000e-002
  1.7803600e+000  8.9500000e-003
  1.7817800e+000  8.7800000e-003
  1.7832900e+000  8.3000000e-003
  1.7844200e+000  1.0240000e-002
  1.7845100e+000  1.0800000e-002
  1.7860300e+000  1.0190000e-002
  1.7863700e+000  1.0110000e-002
  1.7867200e+000  7.1000000e-003
  1.7902300e+000  1.0560000e-002
  1.7902900e+000  9.2600000e-003
  1.7939100e+000  8.4100000e-003
  1.7949600e+000  1.0420000e-002
  1.7944900e+000  1.0440000e-002
  1.7932200e+000  1.2290000e-002
  1.7935300e+000  1.2110000e-002
  1.7969000e+000  1.1460000e-002
  1.7994200e+000  9.5900000e-003
  1.8017800e+000  1.0640000e-002
  1.8012500e+000  1.1100000e-002
  1.8005900e+000  1.0880000e-002
  1.8013000e+000  1.1600000e-002
  1.8023200e+000  9.5600000e-003
  1.8016700e+000  1.0880000e-002
  1.8017100e+000  1.2000000e-002
  1.8062500e+000  9.2400000e-003
  1.8051600e+000  9.8800000e-003
  1.8059200e+000  1.0990000e-002
  1.8089800e+000  9.6700000e-003
  1.8090600e+000  1.2150000e-002
  1.8107200e+000  8.7800000e-003
  1.8083100e+000  1.1230000e-002
  1.8075000e+000  9.9500000e-003
  1.8104800e+000  8.9600000e-003
  1.8124700e+000  1.1970000e-002
  1.8120400e+000  1.0180000e-002
  1.8090400e+000  1.2400000e-002
  1.8122100e+000  1.3320000e-002
  1.8137200e+000  1.0160000e-002
  1.8140700e+000  1.0250000e-002
  1.8135700e+000  1.2100000e-002
  1.8119700e+000  1.1820000e-002
  1.8161300e+000  1.2160000e-002
  1.8129800e+000  8.2400000e-003
  1.8132800e+000  1.3120000e-002
  1.8161300e+000  1.4170000e-002
  1.8152400e+000  1.0730000e-002
  1.8140100e+000  9.6600000e-003
  1.8154100e+000  9.3400000e-003
  1.8154100e+000  5.2500000e-003
  1.8160300e+000  8.5800000e-003
  1.8165600e+000  1.0850000e-002
  1.8169300e+000  1.1920000e-002
  1.8149500e+000  9.1300000e-003
  1.8174800e+000  1.2360000e-002
  1.8166700e+000  1.4860000e-002
  1.8199400e+000  1.4610000e-002
  1.8155700e+000  1.5100000e-002
  1.8180600e+000  1.2450000e-002
  1.8149400e+000  1.6490000e-002
  1.8164800e+000  1.4090000e-002
  1.8146900e+000  1.1050000e-002
  1.8177800e+000  1.3660000e-002
  1.8152200e+000  1.2880000e-002
  1.8174300e+000  1.3770000e-002
  1.8171800e+000  1.3980000e-002
  1.8164100e+000  1.5070000e-002
  1.8119200e+000  1.4600000e-002
  1.8134400e+000  9.6700000e-003
  1.8138000e+000  8.3800000e-003
  1.8157200e+000  9.4600000e-003
  1.8152600e+000  1.2480000e-002
  1.8191300e+000  1.4280000e-002
  1.8185300e+000  1.4600000e-002
  1.8173400e+000  1.3530000e-002
  1.8145400e+000  1.1040000e-002
  1.8177600e+000  1.4330000e-002
  1.8165400e+000  1.4920000e-002
  1.8185400e+000  7.2700000e-003
  1.8143700e+000  1.1730000e-002
  1.8162500e+000  1.0350000e-002
  1.8154000e+000  1.0970000e-002
  1.8166800e+000  1.6000000e-002
  1.8166200e+000  1.1690000e-002
  1.8126600e+000  1.3770000e-002
  1.8153200e+000  1.1840000e-002
  1.8125500e+000  1.5910000e-002
  1.8125600e+000  1.3690000e-002
  1.8143700e+000  1.4540000e-002
  1.8127400e+000  1.3490000e-002
  1.8126200e+000  1.3560000e-002
  1.8140700e+000  1.3690000e-002
  1.8131400e+000  1.3040000e-002
  1.8153300e+000  1.1900000e-002
  1.8142300e+000  1.4500000e-002
  1.8136000e+000  1.8310000e-002
  1.8124800e+000  1.7650000e-002
  1.8121200e+000  1.0000000e-002
  1.8147800e+000  9.8600000e-003
  1.8082900e+000  8.7700000e-003
  1.8137200e+000  9.6500000e-003
  1.8125700e+000  1.1090000e-002
  1.8076800e+000  1.0510000e-002
  1.8112000e+000  1.3300000e-002
  1.8114800e+000  1.3780000e-002
  1.8125900e+000  9.8500000e-003
  1.8129700e+000  1.1640000e-002
  1.8155000e+000  1.1310000e-002
  1.8091900e+000  1.2990000e-002
  1.8136700e+000  1.3050000e-002
  1.8099000e+000  8.4900000e-003
  1.8129000e+000  2.0280000e-002
  1.8066700e+000  1.2830000e-002
  1.8073800e+000  1.3140000e-002
  1.8100000e+000  1.5860000e-002
  1.8100500e+000  1.4250000e-002
  1.8049600e+000  1.5630000e-002
  1.8087700e+000  1.7000000e-002
  1.8050400e+000  1.1740000e-002
  1.8140400e+000  1.2070000e-002
  1.8100000e+000  1.0350000e-002
  1.8122500e+000  1.1240000e-002
  1.8140800e+000  9.1500000e-003
  1.8100400e+000  1.0030000e-002
  1.8103500e+000  9.5500000e-003
  1.8123300e+000  1.3000000e-002
  1.8070000e+000  1.6080000e-002
  1.8101000e+000  1.0850000e-002
  1.8114800e+000  1.5770000e-002
  1.8042900e+000  1.2590000e-002
  1.8067700e+000  9.0300000e-003
  1.8129400e+000  7.5100000e-003
  1.8115800e+000  9.0700000e-003
  1.8104800e+000  1.2800000e-002
  1.8131800e+000  1.1940000e-002
  1.8095100e+000  1.7290000e-002
  1.8073900e+000  1.2120000e-002
  1.8053600e+000  1.0120000e-002
