  2.1328000e+000  6.8700000e-001
  2.1438000e+000  6.8581000e-001
  2.1565300e+000  6.7444000e-001
  2.1691200e+000  6.6024000e-001
  2.1799300e+000  6.4766000e-001
  2.1895600e+000  6.3348000e-001
  2.1973100e+000  6.2129000e-001
  2.2083000e+000  6.0713000e-001
  2.2172500e+000  5.9519000e-001
  2.2245600e+000  5.8114000e-001
  2.2299700e+000  5.6947000e-001
  2.2379900e+000  5.5711000e-001
  2.2451300e+000  5.4567000e-001
  2.2510300e+000  5.3363000e-001
  2.2564800e+000  5.2205000e-001
  2.2602000e+000  5.1043000e-001
  2.2636300e+000  4.9911000e-001
  2.2677100e+000  4.8793000e-001
  2.2712500e+000  4.7740000e-001
  2.2760600e+000  4.6569000e-001
  2.2804900e+000  4.5447000e-001
  2.2817700e+000  4.4343000e-001
  2.2829700e+000  4.3236000e-001
  2.2834500e+000  4.2147000e-001
  2.2833500e+000  4.1135000e-001
  2.2818600e+000  4.0101000e-001
  2.2799500e+000  3.9134000e-001
  2.2753300e+000  3.8129000e-001
  2.2702200e+000  3.7220000e-001
  2.2635100e+000  3.6247000e-001
  2.2561600e+000  3.5388000e-001
  2.2456000e+000  3.4581000e-001
  2.2348700e+000  3.3825000e-001
  2.2363400e+000  3.2856000e-001
  2.2374300e+000  3.1944000e-001
  2.2267200e+000  3.1210000e-001
  2.2160100e+000  3.0478000e-001
  2.2035200e+000  2.9724000e-001
  2.1907900e+000  2.9034000e-001
  2.1763500e+000  2.8327000e-001
  2.1616100e+000  2.7725000e-001
  2.1451000e+000  2.7030000e-001
  2.1283000e+000  2.6477000e-001
  2.1099100e+000  2.5828000e-001
  2.0911700e+000  2.5303000e-001
  2.0726600e+000  2.4695000e-001
  2.0538100e+000  2.4173000e-001
  2.0352400e+000  2.3697000e-001
  2.0166200e+000  2.3215000e-001
  1.9984900e+000  2.2732000e-001
  1.9801400e+000  2.2361000e-001
  1.9629000e+000  2.1956000e-001
  1.9455700e+000  2.1590000e-001
  1.9301200e+000  2.1237000e-001
  1.9146600e+000  2.0916000e-001
  1.9007700e+000  2.0619000e-001
  1.8867900e+000  2.0312000e-001
  1.8750400e+000  1.9992000e-001
  1.8632100e+000  1.9672000e-001
  1.8527000e+000  1.9370000e-001
  1.8419900e+000  1.9099000e-001
  1.8329700e+000  1.8819000e-001
  1.8237300e+000  1.8534000e-001
  1.8161400e+000  1.8287000e-001
  1.8087100e+000  1.8019000e-001
  1.8034400e+000  1.7744000e-001
  1.7983400e+000  1.7533000e-001
  1.7953400e+000  1.7295000e-001
  1.7923900e+000  1.7084000e-001
  1.7911300e+000  1.6918000e-001
  1.7901500e+000  1.6738000e-001
  1.7888100e+000  1.6592000e-001
  1.7880500e+000  1.6432000e-001
  1.7904400e+000  1.6289000e-001
  1.7931500e+000  1.6173000e-001
  1.7972700e+000  1.6028000e-001
  1.8015600e+000  1.5912000e-001
  1.8059400e+000  1.5803000e-001
  1.8102700e+000  1.5673000e-001
  1.8156200e+000  1.5608000e-001
  1.8207600e+000  1.5488000e-001
  1.8271800e+000  1.5412000e-001
  1.8331300e+000  1.5308000e-001
  1.8399600e+000  1.5265000e-001
  1.8464500e+000  1.5158000e-001
  1.8531500e+000  1.5117000e-001
  1.8595300e+000  1.5026000e-001
  1.8667100e+000  1.4967000e-001
  1.8737300e+000  1.4896000e-001
  1.8811800e+000  1.4829000e-001
  1.8885800e+000  1.4717000e-001
  1.8962400e+000  1.4645000e-001
  1.9039400e+000  1.4558000e-001
  1.9112500e+000  1.4447000e-001
  1.9186900e+000  1.4379000e-001
  1.9261200e+000  1.4248000e-001
  1.9339300e+000  1.4157000e-001
  1.9415200e+000  1.4056000e-001
  1.9496400e+000  1.3956000e-001
  1.9575900e+000  1.3855000e-001
  1.9658800e+000  1.3723000e-001
  1.9738900e+000  1.3654000e-001
  1.9819400e+000  1.3526000e-001
  1.9897900e+000  1.3468000e-001
  1.9974100e+000  1.3354000e-001
  2.0054700e+000  1.3235000e-001
  2.0135900e+000  1.3143000e-001
  2.0211600e+000  1.3028000e-001
  2.0287500e+000  1.2906000e-001
  2.0363200e+000  1.2828000e-001
  2.0435500e+000  1.2679000e-001
  2.0509400e+000  1.2612000e-001
  2.0584900e+000  1.2493000e-001
  2.0655600e+000  1.2349000e-001
  2.0724700e+000  1.2246000e-001
  2.0794400e+000  1.2129000e-001
  2.0861000e+000  1.2024000e-001
  2.0930700e+000  1.1887000e-001
  2.0998900e+000  1.1770000e-001
  2.1062600e+000  1.1611000e-001
  2.1131300e+000  1.1506000e-001
  2.1192200e+000  1.1353000e-001
  2.1255600e+000  1.1233000e-001
  2.1313600e+000  1.1075000e-001
  2.1373700e+000  1.0944000e-001
  2.1433800e+000  1.0789000e-001
  2.1496500e+000  1.0653000e-001
  2.1552200e+000  1.0518000e-001
  2.1605700e+000  1.0367000e-001
  2.1656500e+000  1.0213000e-001
  2.1707800e+000  1.0053000e-001
  2.1753000e+000  9.9260000e-002
  2.1798000e+000  9.7600000e-002
  2.1843100e+000  9.6310000e-002
  2.1884800e+000  9.4510000e-002
  2.1923200e+000  9.3260000e-002
  2.1956900e+000  9.1550000e-002
  2.1984700e+000  9.0080000e-002
  2.2014200e+000  8.8970000e-002
  2.2037200e+000  8.7260000e-002
  2.2063500e+000  8.6060000e-002
  2.2081300e+000  8.4500000e-002
  2.2102400e+000  8.3300000e-002
  2.2110300e+000  8.1660000e-002
  2.2121500e+000  8.0640000e-002
  2.2122400e+000  7.9060000e-002
  2.2126700e+000  7.7770000e-002
  2.2122000e+000  7.6570000e-002
  2.2117700e+000  7.5400000e-002
  2.2103700e+000  7.3910000e-002
  2.2094200e+000  7.2990000e-002
  2.2071200e+000  7.1740000e-002
  2.2050100e+000  7.0530000e-002
  2.2020800e+000  6.9470000e-002
  2.1992000e+000  6.8260000e-002
  2.1951200e+000  6.7080000e-002
  2.1911700e+000  6.6160000e-002
  2.1863300e+000  6.4870000e-002
  2.1819000e+000  6.4460000e-002
  2.1759200e+000  6.3320000e-002
  2.1703500e+000  6.2210000e-002
  2.1639400e+000  6.1720000e-002
  2.1577500e+000  6.0900000e-002
  2.1505800e+000  6.0520000e-002
  2.1432800e+000  5.9510000e-002
  2.1350400e+000  5.9400000e-002
  2.1264500e+000  5.8520000e-002
  2.1185400e+000  5.9160000e-002
  2.1095800e+000  5.7970000e-002
  2.0999400e+000  5.7620000e-002
  2.0905100e+000  5.7680000e-002
  2.0804700e+000  5.7370000e-002
  2.0705200e+000  5.7060000e-002
  2.0599400e+000  5.7410000e-002
  2.0493100e+000  5.7720000e-002
  2.0384600e+000  5.7650000e-002
  2.0276000e+000  5.7590000e-002
  2.0167800e+000  5.8340000e-002
  2.0057100e+000  5.8590000e-002
  1.9944100e+000  5.9410000e-002
  1.9827700e+000  5.9900000e-002
  1.9712600e+000  6.0550000e-002
  1.9597000e+000  6.1120000e-002
  1.9481800e+000  6.1990000e-002
  1.9365800e+000  6.2700000e-002
  1.9253000e+000  6.3890000e-002
  1.9128700e+000  6.4600000e-002
  1.9015600e+000  6.6140000e-002
  1.8903600e+000  6.6890000e-002
  1.8784600e+000  6.8310000e-002
  1.8674800e+000  6.9410000e-002
  1.8557800e+000  7.0930000e-002
  1.8439000e+000  7.2750000e-002
  1.8335300e+000  7.4410000e-002
  1.8222200e+000  7.6170000e-002
  1.8111500e+000  7.8080000e-002
  1.8005900e+000  7.9660000e-002
  1.7899000e+000  8.1640000e-002
  1.7797100e+000  8.4180000e-002
  1.7697800e+000  8.6340000e-002
  1.7602300e+000  8.8440000e-002
  1.7509700e+000  9.0900000e-002
  1.7412300e+000  9.3670000e-002
  1.7327200e+000  9.6560000e-002
  1.7235000e+000  9.8710000e-002
  1.7158100e+000  1.0236000e-001
  1.7077300e+000  1.0538000e-001
  1.6999900e+000  1.0810000e-001
  1.6929900e+000  1.1190000e-001
  1.6855100e+000  1.1543000e-001
  1.6779600e+000  1.1898000e-001
  1.6713800e+000  1.2296000e-001
  1.6646400e+000  1.2707000e-001
  1.6590800e+000  1.3135000e-001
  1.6538800e+000  1.3622000e-001
  1.6477300e+000  1.4036000e-001
  1.6419600e+000  1.4546000e-001
  1.6379800e+000  1.5012000e-001
  1.6332100e+000  1.5594000e-001
  1.6296100e+000  1.6093000e-001
  1.6261300e+000  1.6675000e-001
  1.6225600e+000  1.7238000e-001
  1.6188100e+000  1.7887000e-001
  1.6155700e+000  1.8502000e-001
  1.6123600e+000  1.9167000e-001
  1.6098600e+000  1.9799000e-001
  1.6074400e+000  2.0472000e-001
  1.6057400e+000  2.1139000e-001
  1.6036200e+000  2.1841000e-001
  1.6021100e+000  2.2506000e-001
  1.5998400e+000  2.3215000e-001
  1.5986600e+000  2.3927000e-001
  1.5967400e+000  2.4689000e-001
  1.5960100e+000  2.5376000e-001
  1.5947200e+000  2.6143000e-001
  1.5941000e+000  2.6833000e-001
  1.5933500e+000  2.7581000e-001
  1.5932600e+000  2.8285000e-001
  1.5929200e+000  2.9022000e-001
  1.5928700e+000  2.9765000e-001
  1.5927000e+000  3.0515000e-001
  1.5933300e+000  3.1245000e-001
  1.5938200e+000  3.2012000e-001
  1.5953500e+000  3.2732000e-001
  1.5964400e+000  3.3493000e-001
  1.5982100e+000  3.4229000e-001
  1.5995700e+000  3.4991000e-001
  1.6017400e+000  3.5712000e-001
  1.6039400e+000  3.6439000e-001
  1.6066500e+000  3.7200000e-001
  1.6094500e+000  3.7918000e-001
  1.6131500e+000  3.8655000e-001
  1.6171000e+000  3.9352000e-001
  1.6211100e+000  4.0099000e-001
  1.6256400e+000  4.0778000e-001
  1.6306400e+000  4.1463000e-001
  1.6355500e+000  4.2161000e-001
  1.6417700e+000  4.2741000e-001
  1.6473400e+000  4.3398000e-001
  1.6538000e+000  4.3998000e-001
  1.6601100e+000  4.4592000e-001
  1.6681100e+000  4.5133000e-001
  1.6758200e+000  4.5680000e-001
  1.6834800e+000  4.6150000e-001
  1.6910700e+000  4.6617000e-001
  1.7000100e+000  4.7000000e-001
  1.7087200e+000  4.7398000e-001
  1.7174600e+000  4.7709000e-001
  1.7257400e+000  4.8060000e-001
  1.7347500e+000  4.8300000e-001
  1.7437400e+000  4.8537000e-001
  1.7531600e+000  4.8694000e-001
  1.7622100e+000  4.8898000e-001
  1.7710600e+000  4.8989000e-001
  1.7797900e+000  4.9090000e-001
  1.7888000e+000  4.9124000e-001
  1.7980100e+000  4.9141000e-001
  1.8066300e+000  4.9103000e-001
  1.8152600e+000  4.9062000e-001
  1.8237400e+000  4.8952000e-001
  1.8320500e+000  4.8869000e-001
  1.8397100e+000  4.8706000e-001
  1.8473200e+000  4.8557000e-001
  1.8549300e+000  4.8336000e-001
  1.8624300e+000  4.8135000e-001
  1.8685700e+000  4.7914000e-001
  1.8749100e+000  4.7664000e-001
  1.8802900e+000  4.7386000e-001
  1.8853600e+000  4.7143000e-001
  1.8907600e+000  4.6816000e-001
  1.8954800e+000  4.6566000e-001
  1.8999200e+000  4.6219000e-001
  1.9037400e+000  4.5953000e-001
  1.9067700e+000  4.5663000e-001
  1.9096500e+000  4.5391000e-001
  1.9117300e+000  4.5076000e-001
  1.9132400e+000  4.4851000e-001
  1.9147600e+000  4.4535000e-001
  1.9157600e+000  4.4306000e-001
  1.9166600e+000  4.4103000e-001
  1.9176100e+000  4.3894000e-001
  1.9177700e+000  4.3677000e-001
  1.9177700e+000  4.3482000e-001
  1.9175400e+000  4.3367000e-001
  1.9182200e+000  4.3116000e-001
  1.9176600e+000  4.3071000e-001
  1.9174900e+000  4.2959000e-001
  1.9164400e+000  4.2932000e-001
  1.9160800e+000  4.2801000e-001
  1.9152900e+000  4.2799000e-001
  1.9147500e+000  4.2748000e-001
  1.9142700e+000  4.2786000e-001
  1.9139800e+000  4.2809000e-001
  1.9140300e+000  4.2854000e-001
  1.9141900e+000  4.2871000e-001
  1.9147200e+000  4.2938000e-001
  1.9151300e+000  4.3016000e-001
  1.9157400e+000  4.3147000e-001
  1.9167000e+000  4.3226000e-001
  1.9179200e+000  4.3380000e-001
  1.9196200e+000  4.3474000e-001
  1.9219100e+000  4.3596000e-001
  1.9239900e+000  4.3744000e-001
  1.9272300e+000  4.3846000e-001
  1.9299500e+000  4.4020000e-001
  1.9333700e+000  4.4132000e-001
  1.9367000e+000  4.4265000e-001
  1.9407900e+000  4.4382000e-001
  1.9449200e+000  4.4499000e-001
  1.9494200e+000  4.4596000e-001
  1.9540700e+000  4.4678000e-001
  1.9594100e+000  4.4741000e-001
  1.9647700e+000  4.4784000e-001
  1.9699900e+000  4.4842000e-001
  1.9755900e+000  4.4837000e-001
  1.9826700e+000  4.4794000e-001
  1.9899300e+000  4.4715000e-001
  1.9958700e+000  4.4714000e-001
  2.0025100e+000  4.4592000e-001
  2.0094100e+000  4.4442000e-001
  2.0161400e+000  4.4317000e-001
  2.0229500e+000  4.4133000e-001
  2.0294300e+000  4.4008000e-001
  2.0360200e+000  4.3758000e-001
  2.0424900e+000  4.3524000e-001
  2.0493700e+000  4.3197000e-001
  2.0558800e+000  4.2930000e-001
  2.0621300e+000  4.2582000e-001
  2.0682900e+000  4.2253000e-001
  2.0744600e+000  4.1844000e-001
  2.0803800e+000  4.1479000e-001
  2.0856200e+000  4.1045000e-001
  2.0905900e+000  4.0654000e-001
  2.0953600e+000  4.0156000e-001
  2.0995800e+000  3.9748000e-001
  2.1035600e+000  3.9221000e-001
  2.1073400e+000  3.8705000e-001
  2.1104300e+000  3.8225000e-001
  2.1134700e+000  3.7723000e-001
  2.1157800e+000  3.7201000e-001
  2.1179200e+000  3.6671000e-001
  2.1188100e+000  3.6209000e-001
  2.1198300e+000  3.5698000e-001
  2.1203100e+000  3.5140000e-001
  2.1206700e+000  3.4590000e-001
  2.1204900e+000  3.4087000e-001
  2.1201400e+000  3.3598000e-001
  2.1188800e+000  3.3067000e-001
  2.1174600e+000  3.2548000e-001
  2.1153600e+000  3.2044000e-001
  2.1132200e+000  3.1519000e-001
  2.1101100e+000  3.1100000e-001
  2.1074000e+000  3.0534000e-001
  2.1038300e+000  3.0105000e-001
  2.1000900e+000  2.9644000e-001
  2.0960500e+000  2.9134000e-001
  2.0918700e+000  2.8696000e-001
  2.0869600e+000  2.8267000e-001
  2.0818700e+000  2.7823000e-001
  2.0766000e+000  2.7379000e-001
  2.0711400e+000  2.6914000e-001
  2.0650700e+000  2.6593000e-001
  2.0593900e+000  2.6069000e-001
  2.0531900e+000  2.5657000e-001
  2.0466200e+000  2.5290000e-001
  2.0401900e+000  2.4900000e-001
  2.0334900e+000  2.4542000e-001
  2.0267800e+000  2.4156000e-001
  2.0198700e+000  2.3733000e-001
  2.0123600e+000  2.3415000e-001
  2.0051500e+000  2.3014000e-001
  1.9976700e+000  2.2671000e-001
  1.9903500e+000  2.2339000e-001
  1.9827400e+000  2.2016000e-001
  1.9754500e+000  2.1643000e-001
  1.9679500e+000  2.1410000e-001
  1.9599900e+000  2.1062000e-001
  1.9522800e+000  2.0691000e-001
  1.9444700e+000  2.0395000e-001
  1.9362800e+000  2.0169000e-001
  1.9287300e+000  1.9807000e-001
  1.9204000e+000  1.9518000e-001
  1.9124800e+000  1.9207000e-001
  1.9042300e+000  1.8989000e-001
  1.8964400e+000  1.8659000e-001
  1.8877400e+000  1.8433000e-001
  1.8800900e+000  1.8093000e-001
  1.8711300e+000  1.7843000e-001
  1.8625000e+000  1.7594000e-001
  1.8547700e+000  1.7282000e-001
  1.8462100e+000  1.7004000e-001
  1.8380800e+000  1.6786000e-001
  1.8293500e+000  1.6498000e-001
  1.8204500e+000  1.6227000e-001
  1.8122200e+000  1.5980000e-001
  1.8033400e+000  1.5697000e-001
  1.7955300e+000  1.5435000e-001
  1.7880700e+000  1.5248000e-001
  1.7787900e+000  1.4991000e-001
  1.7707800e+000  1.4741000e-001
  1.7625400e+000  1.4533000e-001
  1.7538700e+000  1.4330000e-001
  1.7458000e+000  1.4053000e-001
  1.7372700e+000  1.3924000e-001
  1.7296700e+000  1.3708000e-001
  1.7210200e+000  1.3462000e-001
  1.7139700e+000  1.3283000e-001
  1.7065900e+000  1.2992000e-001
  1.6977200e+000  1.2891000e-001
  1.6915800e+000  1.2680000e-001
  1.6837500e+000  1.2474000e-001
  1.6753500e+000  1.2269000e-001
  1.6685800e+000  1.2091000e-001
  1.6588600e+000  1.1896000e-001
  1.6546600e+000  1.1758000e-001
  1.6461600e+000  1.1496000e-001
  1.6382600e+000  1.1401000e-001
  1.6322700e+000  1.1200000e-001
  1.6231200e+000  1.1118000e-001
  1.6175800e+000  1.0919000e-001
  1.6109800e+000  1.0730000e-001
  1.6016800e+000  1.0456000e-001
  1.5931900e+000  1.0390000e-001
  1.5880900e+000  1.0221000e-001
  1.5805000e+000  1.0059000e-001
  1.5737700e+000  9.9000000e-002
  1.5665000e+000  9.7600000e-002
  1.5593500e+000  9.6440000e-002
  1.5516300e+000  9.5020000e-002
  1.5469800e+000  9.3890000e-002
  1.5400100e+000  9.2370000e-002
  1.5401600e+000  9.1010000e-002
  1.5297800e+000  9.0910000e-002
  1.5288100e+000  8.7980000e-002
  1.5209300e+000  8.7800000e-002
  1.5181300e+000  8.5330000e-002
  1.5100600e+000  8.4950000e-002
  1.5060000e+000  8.3580000e-002
  1.5000600e+000  8.1990000e-002
  1.4970300e+000  8.2320000e-002
  1.4952000e+000  8.0820000e-002
  1.4867600e+000  7.8800000e-002
  1.4864500e+000  7.9020000e-002
  1.4795900e+000  7.7650000e-002
  1.4777900e+000  7.6460000e-002
  1.4664400e+000  7.5260000e-002
  1.4611700e+000  7.5110000e-002
  1.4613500e+000  7.4160000e-002
  1.4595800e+000  7.2490000e-002
  1.4587200e+000  7.2720000e-002
  1.4485400e+000  7.1700000e-002
  1.4469100e+000  6.9990000e-002
  1.4444000e+000  7.0620000e-002
  1.4440900e+000  6.8170000e-002
  1.4472600e+000  6.8010000e-002
  1.4431800e+000  6.7320000e-002
  1.4451000e+000  6.7620000e-002
  1.4382600e+000  6.6170000e-002
  1.4362100e+000  6.5560000e-002
  1.4351300e+000  6.4210000e-002
  1.4302700e+000  6.3820000e-002
  1.4353200e+000  6.3220000e-002
  1.4267000e+000  6.3610000e-002
  1.4391100e+000  6.3520000e-002
  1.4310100e+000  6.1520000e-002
  1.4289600e+000  6.0860000e-002
  1.4279500e+000  5.9980000e-002
  1.4248100e+000  5.9930000e-002
  1.4292600e+000  5.9070000e-002
  1.4252500e+000  5.9430000e-002
  1.4258700e+000  5.8890000e-002
  1.4254200e+000  5.6980000e-002
  1.4238300e+000  5.8360000e-002
  1.4287500e+000  5.7660000e-002
  1.4211500e+000  5.7070000e-002
  1.4328700e+000  5.5860000e-002
  1.4257800e+000  5.5670000e-002
  1.4378000e+000  5.4720000e-002
  1.4363700e+000  5.4250000e-002
  1.4422100e+000  5.3860000e-002
  1.4343000e+000  5.3870000e-002
