  1.6396000e+000  2.0900000e-006
  1.6295000e+000  2.4200000e-006
  1.6312900e+000  1.7300000e-006
  1.6320300e+000  1.3600000e-006
  1.6346600e+000  1.8100000e-006
  1.6281200e+000  1.3500000e-006
  1.6302500e+000  1.7100000e-006
  1.6257100e+000  1.5900000e-006
  1.6277300e+000  1.4600000e-006
  1.6203100e+000  1.3600000e-006
  1.6321100e+000  1.4000000e-006
  1.6255600e+000  1.3500000e-006
  1.6229300e+000  1.1800000e-006
  1.6192200e+000  1.3400000e-006
  1.6235400e+000  1.1600000e-006
  1.6215200e+000  1.2000000e-006
  1.6235700e+000  1.1000000e-006
  1.6219700e+000  1.1300000e-006
  1.6208800e+000  1.1700000e-006
  1.6224400e+000  1.1200000e-006
  1.6227600e+000  1.0600000e-006
  1.6230100e+000  9.8200000e-007
  1.6178100e+000  1.1300000e-006
  1.6177100e+000  1.2200000e-006
  1.6165700e+000  1.1000000e-006
  1.6193600e+000  1.1300000e-006
  1.6176100e+000  1.1000000e-006
  1.6165200e+000  1.0800000e-006
  1.6124600e+000  1.2000000e-006
  1.6165600e+000  1.2500000e-006
  1.6155700e+000  1.3000000e-006
  1.6126800e+000  1.2700000e-006
  1.6154700e+000  1.1600000e-006
  1.6128800e+000  1.2100000e-006
  1.6123900e+000  1.2100000e-006
  1.6115800e+000  1.1700000e-006
  1.6131500e+000  1.0800000e-006
  1.6125000e+000  1.1100000e-006
  1.6105100e+000  1.1100000e-006
  1.6106500e+000  9.6300000e-007
  1.6095700e+000  9.8900000e-007
  1.6082700e+000  9.6700000e-007
  1.6076000e+000  9.8700000e-007
  1.6083800e+000  9.6200000e-007
  1.6083700e+000  9.4900000e-007
  1.6061000e+000  9.3600000e-007
  1.6084200e+000  9.1000000e-007
  1.6073300e+000  8.9400000e-007
  1.6045000e+000  9.3100000e-007
  1.6036800e+000  9.1400000e-007
  1.6048700e+000  8.8700000e-007
  1.6033900e+000  9.0100000e-007
  1.6045800e+000  9.0200000e-007
  1.6013500e+000  8.8100000e-007
  1.6018600e+000  9.6600000e-007
  1.6029000e+000  9.2100000e-007
  1.6015700e+000  9.2000000e-007
  1.6011600e+000  8.8400000e-007
  1.6008000e+000  9.6200000e-007
  1.6002000e+000  9.3400000e-007
  1.5995800e+000  9.2300000e-007
  1.5983400e+000  9.2500000e-007
  1.5992500e+000  1.0000000e-006
  1.5984900e+000  9.5400000e-007
  1.5973300e+000  9.6500000e-007
  1.5973500e+000  9.4000000e-007
  1.5970200e+000  9.3100000e-007
  1.5961700e+000  9.5400000e-007
  1.5957800e+000  9.7400000e-007
  1.5964500e+000  9.1300000e-007
  1.5949100e+000  9.6000000e-007
  1.5953900e+000  9.5300000e-007
  1.5929000e+000  1.0300000e-006
  1.5941600e+000  1.0500000e-006
  1.5936800e+000  1.0100000e-006
  1.5941800e+000  1.0000000e-006
  1.5915700e+000  9.8500000e-007
  1.5926000e+000  9.7400000e-007
  1.5919600e+000  9.6800000e-007
  1.5909600e+000  1.0200000e-006
  1.5913700e+000  1.0100000e-006
  1.5910100e+000  9.8000000e-007
  1.5909700e+000  1.0100000e-006
  1.5905700e+000  1.0300000e-006
  1.5897700e+000  1.0100000e-006
  1.5889600e+000  1.1300000e-006
  1.5893800e+000  1.0400000e-006
  1.5882200e+000  1.0800000e-006
  1.5884100e+000  1.0800000e-006
  1.5897600e+000  1.0700000e-006
  1.5884600e+000  1.0500000e-006
  1.5880300e+000  1.0600000e-006
  1.5877800e+000  1.0400000e-006
  1.5872900e+000  1.0600000e-006
  1.5871400e+000  1.0200000e-006
  1.5869900e+000  1.0900000e-006
  1.5877300e+000  9.8700000e-007
  1.5878200e+000  1.0500000e-006
  1.5869700e+000  1.0500000e-006
  1.5858900e+000  1.0600000e-006
  1.5869400e+000  1.0400000e-006
  1.5860800e+000  1.0500000e-006
  1.5843800e+000  1.0400000e-006
  1.5866300e+000  1.0300000e-006
  1.5854700e+000  1.0400000e-006
  1.5844100e+000  1.0700000e-006
  1.5832300e+000  1.0000000e-006
  1.5856200e+000  1.0100000e-006
  1.5830100e+000  1.0400000e-006
  1.5841500e+000  1.0100000e-006
  1.5845500e+000  9.7600000e-007
  1.5833500e+000  1.0000000e-006
  1.5838100e+000  9.7800000e-007
  1.5824900e+000  1.0200000e-006
  1.5830900e+000  1.0400000e-006
  1.5827100e+000  1.0700000e-006
  1.5832500e+000  1.0100000e-006
  1.5816900e+000  1.0200000e-006
  1.5828200e+000  9.7400000e-007
  1.5808200e+000  9.8900000e-007
  1.5823400e+000  1.0200000e-006
  1.5823300e+000  1.0400000e-006
  1.5819800e+000  1.0000000e-006
  1.5815200e+000  1.0800000e-006
  1.5812500e+000  1.0100000e-006
  1.5805000e+000  1.0300000e-006
  1.5801900e+000  1.1000000e-006
  1.5818400e+000  1.0200000e-006
  1.5814400e+000  1.0400000e-006
  1.5811000e+000  1.0200000e-006
  1.5814100e+000  1.0300000e-006
  1.5793700e+000  9.9000000e-007
  1.5792700e+000  1.0200000e-006
  1.5796600e+000  1.0300000e-006
  1.5799200e+000  1.0600000e-006
  1.5795300e+000  9.8900000e-007
  1.5785500e+000  9.9300000e-007
  1.5784100e+000  1.0200000e-006
  1.5791800e+000  1.0300000e-006
  1.5784900e+000  1.0600000e-006
  1.5776300e+000  1.1000000e-006
  1.5779100e+000  1.0000000e-006
  1.5774000e+000  1.0800000e-006
  1.5763800e+000  1.0500000e-006
  1.5768400e+000  1.0500000e-006
  1.5755800e+000  1.0000000e-006
  1.5771000e+000  1.0600000e-006
  1.5758900e+000  1.0300000e-006
  1.5761100e+000  1.0400000e-006
  1.5745500e+000  1.0700000e-006
  1.5748700e+000  1.0300000e-006
  1.5752600e+000  1.0800000e-006
  1.5754900e+000  1.1200000e-006
  1.5739900e+000  1.1100000e-006
  1.5733800e+000  1.1300000e-006
  1.5739800e+000  1.0500000e-006
  1.5730400e+000  1.0600000e-006
  1.5750300e+000  1.1000000e-006
  1.5735400e+000  1.0300000e-006
  1.5732300e+000  1.0300000e-006
  1.5710300e+000  1.0600000e-006
  1.5720100e+000  1.0800000e-006
  1.5724500e+000  1.0900000e-006
  1.5710100e+000  1.0800000e-006
  1.5720600e+000  1.0700000e-006
  1.5723900e+000  1.1500000e-006
  1.5707800e+000  1.0800000e-006
  1.5711800e+000  1.0800000e-006
  1.5710600e+000  1.0900000e-006
  1.5702600e+000  1.0600000e-006
  1.5719300e+000  1.0900000e-006
  1.5692800e+000  1.1100000e-006
  1.5696500e+000  1.1400000e-006
  1.5698600e+000  1.0300000e-006
  1.5680600e+000  1.1700000e-006
  1.5690100e+000  1.0900000e-006
  1.5696700e+000  1.1500000e-006
  1.5686600e+000  1.0700000e-006
  1.5680800e+000  1.1600000e-006
  1.5682500e+000  1.1200000e-006
  1.5684200e+000  1.1100000e-006
  1.5669900e+000  1.0800000e-006
  1.5681900e+000  1.1400000e-006
  1.5676700e+000  1.1800000e-006
  1.5677600e+000  1.1300000e-006
  1.5672400e+000  1.1600000e-006
  1.5661700e+000  1.1300000e-006
  1.5672800e+000  1.1700000e-006
  1.5668700e+000  1.1800000e-006
  1.5665400e+000  1.1800000e-006
  1.5647800e+000  1.1500000e-006
  1.5664400e+000  1.1800000e-006
  1.5663400e+000  1.1700000e-006
  1.5673000e+000  1.2000000e-006
  1.5649400e+000  1.1500000e-006
  1.5646600e+000  1.1600000e-006
  1.5652800e+000  1.2500000e-006
  1.5667100e+000  1.1900000e-006
  1.5650700e+000  1.2000000e-006
  1.5647800e+000  1.2400000e-006
  1.5659500e+000  1.1900000e-006
  1.5639000e+000  1.2000000e-006
  1.5646400e+000  1.1700000e-006
  1.5637400e+000  1.2200000e-006
  1.5639700e+000  1.2200000e-006
  1.5645100e+000  1.2600000e-006
  1.5628900e+000  1.2700000e-006
  1.5628100e+000  1.2500000e-006
  1.5632400e+000  1.2800000e-006
  1.5632600e+000  1.2100000e-006
  1.5627900e+000  1.2700000e-006
  1.5635200e+000  1.2600000e-006
  1.5636100e+000  1.2400000e-006
  1.5633200e+000  1.2900000e-006
  1.5632700e+000  1.2400000e-006
  1.5616000e+000  1.2700000e-006
  1.5616700e+000  1.2800000e-006
  1.5618400e+000  1.3000000e-006
  1.5619100e+000  1.3000000e-006
  1.5616100e+000  1.3300000e-006
  1.5619500e+000  1.3000000e-006
  1.5622900e+000  1.3500000e-006
  1.5613100e+000  1.3300000e-006
  1.5616800e+000  1.3500000e-006
  1.5612100e+000  1.3800000e-006
  1.5606300e+000  1.3400000e-006
  1.5618000e+000  1.3400000e-006
  1.5616100e+000  1.3300000e-006
  1.5611600e+000  1.3700000e-006
  1.5606800e+000  1.3900000e-006
  1.5583600e+000  1.4400000e-006
  1.5586400e+000  1.3700000e-006
  1.5591200e+000  1.3700000e-006
  1.5589500e+000  1.4200000e-006
  1.5588200e+000  1.4300000e-006
  1.5591200e+000  1.4600000e-006
  1.5585800e+000  1.4500000e-006
  1.5582000e+000  1.4400000e-006
  1.5593400e+000  1.4200000e-006
  1.5580700e+000  1.4500000e-006
  1.5571300e+000  1.4700000e-006
  1.5582700e+000  1.4100000e-006
  1.5573500e+000  1.4300000e-006
  1.5582600e+000  1.4700000e-006
  1.5573500e+000  1.4700000e-006
  1.5572500e+000  1.4700000e-006
  1.5572900e+000  1.4500000e-006
  1.5558400e+000  1.4500000e-006
  1.5572400e+000  1.4500000e-006
  1.5565500e+000  1.4700000e-006
  1.5563400e+000  1.4500000e-006
  1.5550700e+000  1.4900000e-006
  1.5555900e+000  1.4300000e-006
  1.5561500e+000  1.4600000e-006
  1.5564600e+000  1.5300000e-006
  1.5556600e+000  1.5200000e-006
  1.5561100e+000  1.4400000e-006
  1.5550400e+000  1.5100000e-006
  1.5555000e+000  1.5200000e-006
  1.5551400e+000  1.5600000e-006
  1.5548400e+000  1.5000000e-006
  1.5548900e+000  1.5700000e-006
  1.5549800e+000  1.5800000e-006
  1.5555200e+000  1.6100000e-006
  1.5550700e+000  1.6000000e-006
  1.5545700e+000  1.5300000e-006
  1.5549100e+000  1.6000000e-006
  1.5557800e+000  1.5800000e-006
  1.5555300e+000  1.6500000e-006
  1.5551900e+000  1.6100000e-006
  1.5538300e+000  1.6300000e-006
  1.5554700e+000  1.6300000e-006
  1.5549400e+000  1.6500000e-006
  1.5539200e+000  1.6100000e-006
  1.5546300e+000  1.6400000e-006
  1.5550800e+000  1.5800000e-006
  1.5548700e+000  1.6700000e-006
  1.5551000e+000  1.6200000e-006
  1.5556900e+000  1.6900000e-006
  1.5538600e+000  1.6100000e-006
  1.5544900e+000  1.6400000e-006
  1.5556400e+000  1.6400000e-006
  1.5551700e+000  1.6500000e-006
  1.5549900e+000  1.7500000e-006
  1.5550100e+000  1.6600000e-006
  1.5551000e+000  1.6700000e-006
  1.5545100e+000  1.6800000e-006
  1.5554000e+000  1.7200000e-006
  1.5549400e+000  1.6800000e-006
  1.5554300e+000  1.7500000e-006
  1.5551700e+000  1.6800000e-006
  1.5550600e+000  1.7400000e-006
  1.5549400e+000  1.7400000e-006
  1.5550800e+000  1.7700000e-006
  1.5549200e+000  1.6800000e-006
  1.5545700e+000  1.7400000e-006
  1.5543500e+000  1.7600000e-006
  1.5561100e+000  1.7800000e-006
  1.5550900e+000  1.7000000e-006
  1.5542800e+000  1.7400000e-006
  1.5531300e+000  1.8100000e-006
  1.5546600e+000  1.7700000e-006
  1.5547000e+000  1.8100000e-006
  1.5537700e+000  1.8200000e-006
  1.5545600e+000  1.8100000e-006
  1.5533800e+000  1.8400000e-006
  1.5534800e+000  1.8800000e-006
  1.5544300e+000  1.8600000e-006
  1.5546800e+000  1.8600000e-006
  1.5537400e+000  1.9000000e-006
  1.5548200e+000  1.9600000e-006
  1.5534100e+000  1.8400000e-006
  1.5526500e+000  1.8500000e-006
  1.5526600e+000  1.7800000e-006
  1.5542700e+000  2.0100000e-006
  1.5539700e+000  2.0000000e-006
  1.5520800e+000  1.9500000e-006
  1.5533800e+000  2.0000000e-006
  1.5536900e+000  1.8900000e-006
  1.5529900e+000  1.9900000e-006
  1.5539500e+000  2.0000000e-006
  1.5547900e+000  1.9700000e-006
  1.5537100e+000  1.9200000e-006
  1.5544600e+000  2.0300000e-006
  1.5539500e+000  1.9800000e-006
  1.5546900e+000  2.0700000e-006
  1.5543800e+000  1.9300000e-006
  1.5558500e+000  2.0600000e-006
  1.5553600e+000  1.9900000e-006
  1.5553100e+000  2.0800000e-006
  1.5564500e+000  2.0300000e-006
  1.5567900e+000  2.1000000e-006
  1.5583100e+000  2.0200000e-006
  1.5573000e+000  1.9700000e-006
  1.5586000e+000  2.0200000e-006
  1.5582400e+000  2.0200000e-006
  1.5600600e+000  1.9900000e-006
  1.5599100e+000  1.9800000e-006
  1.5606600e+000  2.0800000e-006
  1.5607100e+000  2.0300000e-006
  1.5635900e+000  2.0000000e-006
  1.5625600e+000  2.0600000e-006
  1.5636500e+000  2.0200000e-006
  1.5640300e+000  1.9500000e-006
  1.5652100e+000  2.0100000e-006
  1.5671700e+000  2.0100000e-006
  1.5687800e+000  2.0500000e-006
  1.5685200e+000  1.9000000e-006
  1.5708200e+000  2.0000000e-006
  1.5706700e+000  2.0500000e-006
  1.5723500e+000  1.9000000e-006
  1.5740900e+000  2.0300000e-006
  1.5756100e+000  1.9900000e-006
  1.5757300e+000  1.9500000e-006
  1.5777800e+000  1.8800000e-006
  1.5773900e+000  1.9400000e-006
  1.5796100e+000  1.8400000e-006
  1.5813100e+000  1.7600000e-006
  1.5827600e+000  1.8500000e-006
  1.5838400e+000  1.7600000e-006
  1.5853800e+000  1.7100000e-006
  1.5872500e+000  1.8500000e-006
  1.5891300e+000  1.9200000e-006
  1.5904200e+000  1.8100000e-006
  1.5919700e+000  1.7400000e-006
  1.5934900e+000  1.7400000e-006
  1.5948200e+000  1.8700000e-006
  1.5971400e+000  1.7200000e-006
  1.5969300e+000  1.6800000e-006
  1.5988700e+000  1.7200000e-006
  1.6009700e+000  1.6900000e-006
  1.6015200e+000  1.7200000e-006
  1.6036000e+000  1.6100000e-006
  1.6043800e+000  1.6500000e-006
  1.6069600e+000  1.5600000e-006
  1.6090900e+000  1.5500000e-006
  1.6089700e+000  1.5800000e-006
  1.6103900e+000  1.6500000e-006
  1.6109100e+000  1.6200000e-006
  1.6133400e+000  1.4600000e-006
  1.6135800e+000  1.5800000e-006
  1.6157000e+000  1.5800000e-006
  1.6172700e+000  1.4400000e-006
  1.6189700e+000  1.4200000e-006
  1.6191500e+000  1.4400000e-006
  1.6212100e+000  1.4600000e-006
  1.6219300e+000  1.3800000e-006
  1.6229200e+000  1.4400000e-006
  1.6253300e+000  1.5100000e-006
  1.6256400e+000  1.4700000e-006
  1.6273800e+000  1.5100000e-006
  1.6277900e+000  1.3300000e-006
  1.6288300e+000  1.4100000e-006
  1.6297700e+000  1.3200000e-006
  1.6309900e+000  1.3800000e-006
  1.6316700e+000  1.4000000e-006
  1.6338900e+000  1.4000000e-006
  1.6340100e+000  1.3200000e-006
  1.6338200e+000  1.4500000e-006
  1.6360600e+000  1.2400000e-006
  1.6369000e+000  1.3300000e-006
  1.6376700e+000  1.2900000e-006
  1.6383700e+000  1.2800000e-006
  1.6393400e+000  1.2900000e-006
  1.6388400e+000  1.2700000e-006
  1.6392300e+000  1.4000000e-006
  1.6411900e+000  1.2300000e-006
  1.6419400e+000  1.2300000e-006
  1.6415700e+000  1.2500000e-006
  1.6411200e+000  1.3700000e-006
  1.6422500e+000  1.2500000e-006
  1.6440700e+000  1.1600000e-006
  1.6441900e+000  1.2800000e-006
  1.6450600e+000  1.2800000e-006
  1.6459000e+000  1.1600000e-006
  1.6471600e+000  1.2300000e-006
  1.6469000e+000  1.1700000e-006
  1.6475800e+000  1.1600000e-006
  1.6483300e+000  1.2400000e-006
  1.6499800e+000  1.3500000e-006
  1.6484700e+000  1.4100000e-006
  1.6501000e+000  1.2300000e-006
  1.6480600e+000  1.2400000e-006
  1.6502100e+000  1.2600000e-006
  1.6504000e+000  1.2200000e-006
  1.6500700e+000  1.3100000e-006
  1.6515200e+000  1.4700000e-006
  1.6529800e+000  1.3900000e-006
  1.6521200e+000  1.3400000e-006
  1.6510900e+000  1.3300000e-006
  1.6536600e+000  1.2400000e-006
  1.6502800e+000  1.2700000e-006
  1.6527000e+000  1.2200000e-006
  1.6537800e+000  1.3400000e-006
  1.6523400e+000  1.4100000e-006
  1.6539400e+000  1.2600000e-006
  1.6538200e+000  1.4200000e-006
  1.6520500e+000  1.4600000e-006
  1.6554300e+000  1.3600000e-006
  1.6565700e+000  1.2400000e-006
  1.6556300e+000  1.2700000e-006
  1.6541400e+000  1.5300000e-006
  1.6571800e+000  1.4400000e-006
  1.6571500e+000  1.5000000e-006
  1.6583200e+000  1.5500000e-006
  1.6563500e+000  1.4100000e-006
  1.6552100e+000  1.5200000e-006
  1.6567500e+000  1.5100000e-006
  1.6557300e+000  1.6000000e-006
  1.6568300e+000  1.5200000e-006
  1.6558200e+000  1.4300000e-006
  1.6570600e+000  1.3900000e-006
  1.6596600e+000  1.5000000e-006
  1.6587200e+000  1.4900000e-006
  1.6617100e+000  1.4500000e-006
  1.6583800e+000  1.6900000e-006
  1.6579800e+000  1.2300000e-006
  1.6580000e+000  1.5500000e-006
  1.6576900e+000  1.5100000e-006
  1.6607600e+000  1.4200000e-006
  1.6620300e+000  1.4200000e-006
  1.6604200e+000  1.6000000e-006
  1.6587900e+000  1.5200000e-006
  1.6580500e+000  1.3500000e-006
  1.6626200e+000  1.4300000e-006
  1.6606600e+000  1.6200000e-006
  1.6606600e+000  1.4400000e-006
  1.6632100e+000  1.5600000e-006
  1.6611600e+000  1.7300000e-006
  1.6611700e+000  1.3500000e-006
  1.6601400e+000  1.5700000e-006
  1.6627600e+000  1.5600000e-006
  1.6595000e+000  1.5700000e-006
  1.6644300e+000  1.4100000e-006
  1.6652600e+000  1.4700000e-006
  1.6647900e+000  1.3000000e-006
  1.6629900e+000  1.7900000e-006
  1.6679500e+000  1.6300000e-006
  1.6597400e+000  1.6400000e-006
  1.6631300e+000  1.3500000e-006
  1.6623300e+000  1.6100000e-006
  1.6655200e+000  1.5900000e-006
  1.6667200e+000  1.6100000e-006
  1.6667400e+000  1.7400000e-006
  1.6624200e+000  1.6700000e-006
  1.6657900e+000  1.4900000e-006
  1.6645400e+000  1.6400000e-006
  1.6651100e+000  1.5100000e-006
  1.6653000e+000  1.6700000e-006
  1.6650300e+000  1.4900000e-006
  1.6646400e+000  1.6300000e-006
  1.6691400e+000  1.6200000e-006
  1.6663100e+000  1.5900000e-006
  1.6643500e+000  1.7900000e-006
  1.6662000e+000  1.7200000e-006
  1.6642400e+000  1.7600000e-006
  1.6684200e+000  1.6100000e-006
  1.6682100e+000  1.6700000e-006
  1.6688400e+000  1.5800000e-006
  1.6669500e+000  1.8900000e-006
  1.6676800e+000  1.6900000e-006
