  1.7433700e+000  2.8210000e-002
  1.7286900e+000  2.8280000e-002
  1.7402400e+000  2.9830000e-002
  1.7442900e+000  2.9950000e-002
  1.7399600e+000  2.8620000e-002
  1.7375100e+000  2.9390000e-002
  1.7330300e+000  2.7940000e-002
  1.7323500e+000  2.9380000e-002
  1.7349700e+000  2.9200000e-002
  1.7293800e+000  3.0200000e-002
  1.7370400e+000  2.7990000e-002
  1.7343300e+000  2.9780000e-002
  1.7336100e+000  3.0320000e-002
  1.7230200e+000  2.8570000e-002
  1.7325400e+000  2.9710000e-002
  1.7293700e+000  2.9660000e-002
  1.7311900e+000  2.9200000e-002
  1.7299700e+000  2.9640000e-002
  1.7281000e+000  2.9630000e-002
  1.7275900e+000  2.8710000e-002
  1.7292900e+000  2.9060000e-002
  1.7308800e+000  2.9400000e-002
  1.7212300e+000  2.8670000e-002
  1.7216000e+000  2.9130000e-002
  1.7215200e+000  2.9350000e-002
  1.7230200e+000  2.8830000e-002
  1.7212300e+000  2.8970000e-002
  1.7205100e+000  2.9160000e-002
  1.7131900e+000  2.8680000e-002
  1.7162900e+000  2.8220000e-002
  1.7148900e+000  2.8290000e-002
  1.7118700e+000  2.8480000e-002
  1.7158300e+000  2.8480000e-002
  1.7116800e+000  2.8320000e-002
  1.7096900e+000  2.7850000e-002
  1.7094300e+000  2.8100000e-002
  1.7109400e+000  2.7760000e-002
  1.7098800e+000  2.7860000e-002
  1.7064600e+000  2.7500000e-002
  1.7073400e+000  2.7500000e-002
  1.7052600e+000  2.7340000e-002
  1.7037800e+000  2.7380000e-002
  1.7017700e+000  2.7040000e-002
  1.7023000e+000  2.6900000e-002
  1.7012300e+000  2.6560000e-002
  1.6983600e+000  2.6530000e-002
  1.7004600e+000  2.6300000e-002
  1.6988900e+000  2.6230000e-002
  1.6945600e+000  2.6010000e-002
  1.6924900e+000  2.5630000e-002
  1.6929100e+000  2.5280000e-002
  1.6912400e+000  2.5400000e-002
  1.6908000e+000  2.4790000e-002
  1.6872000e+000  2.4880000e-002
  1.6858100e+000  2.4380000e-002
  1.6874200e+000  2.4500000e-002
  1.6847400e+000  2.4150000e-002
  1.6848400e+000  2.4350000e-002
  1.6829700e+000  2.4030000e-002
  1.6803100e+000  2.3330000e-002
  1.6785400e+000  2.2980000e-002
  1.6773800e+000  2.3150000e-002
  1.6764300e+000  2.2610000e-002
  1.6756400e+000  2.2610000e-002
  1.6737700e+000  2.2490000e-002
  1.6731300e+000  2.2260000e-002
  1.6715600e+000  2.1870000e-002
  1.6695700e+000  2.1600000e-002
  1.6681100e+000  2.1310000e-002
  1.6684300e+000  2.1110000e-002
  1.6653200e+000  2.0750000e-002
  1.6656600e+000  2.0710000e-002
  1.6612700e+000  2.0320000e-002
  1.6605300e+000  1.9660000e-002
  1.6606000e+000  1.9830000e-002
  1.6600100e+000  1.9480000e-002
  1.6578200e+000  1.9750000e-002
  1.6566300e+000  1.8950000e-002
  1.6557000e+000  1.8910000e-002
  1.6530100e+000  1.8500000e-002
  1.6534100e+000  1.8510000e-002
  1.6519900e+000  1.8120000e-002
  1.6511700e+000  1.7920000e-002
  1.6502600e+000  1.7830000e-002
  1.6474900e+000  1.7170000e-002
  1.6446500e+000  1.6730000e-002
  1.6449500e+000  1.6560000e-002
  1.6434600e+000  1.6570000e-002
  1.6422400e+000  1.6110000e-002
  1.6428400e+000  1.5810000e-002
  1.6412500e+000  1.5780000e-002
  1.6401600e+000  1.5610000e-002
  1.6387200e+000  1.5240000e-002
  1.6379600e+000  1.5240000e-002
  1.6366300e+000  1.4830000e-002
  1.6354500e+000  1.4570000e-002
  1.6362100e+000  1.4480000e-002
  1.6340000e+000  1.3810000e-002
  1.6324200e+000  1.3580000e-002
  1.6310900e+000  1.3570000e-002
  1.6311500e+000  1.3200000e-002
  1.6297900e+000  1.3120000e-002
  1.6272200e+000  1.2880000e-002
  1.6283400e+000  1.2440000e-002
  1.6266200e+000  1.2350000e-002
  1.6244400e+000  1.2030000e-002
  1.6238800e+000  1.2280000e-002
  1.6242800e+000  1.1580000e-002
  1.6218600e+000  1.1760000e-002
  1.6221600e+000  1.1400000e-002
  1.6219600e+000  1.1220000e-002
  1.6193700e+000  1.0830000e-002
  1.6201300e+000  1.0920000e-002
  1.6173100e+000  1.0530000e-002
  1.6169400e+000  1.0180000e-002
  1.6156800e+000  9.9500000e-003
  1.6159500e+000  9.8400000e-003
  1.6137900e+000  9.7000000e-003
  1.6149600e+000  9.6900000e-003
  1.6123100e+000  9.5500000e-003
  1.6124700e+000  9.1200000e-003
  1.6114300e+000  8.7800000e-003
  1.6107500e+000  8.6900000e-003
  1.6092600e+000  8.4200000e-003
  1.6088500e+000  8.3400000e-003
  1.6077800e+000  8.2700000e-003
  1.6065700e+000  8.0300000e-003
  1.6078800e+000  7.9000000e-003
  1.6062600e+000  7.5400000e-003
  1.6053800e+000  7.3500000e-003
  1.6052500e+000  7.2100000e-003
  1.6033700e+000  7.3200000e-003
  1.6026200e+000  7.1100000e-003
  1.6013200e+000  6.6200000e-003
  1.6015400e+000  6.6200000e-003
  1.6011400e+000  6.5900000e-003
  1.6000600e+000  6.5900000e-003
  1.5985500e+000  6.1900000e-003
  1.5994700e+000  6.2100000e-003
  1.5984800e+000  6.1300000e-003
  1.5971300e+000  6.0300000e-003
  1.5964500e+000  5.7000000e-003
  1.5955100e+000  5.5700000e-003
  1.5941700e+000  5.5000000e-003
  1.5933900e+000  5.1100000e-003
  1.5934300e+000  5.5500000e-003
  1.5937600e+000  5.1400000e-003
  1.5923800e+000  5.1000000e-003
  1.5922000e+000  5.0000000e-003
  1.5894800e+000  4.6700000e-003
  1.5900400e+000  4.7400000e-003
  1.5897300e+000  4.5000000e-003
  1.5896600e+000  4.4500000e-003
  1.5881000e+000  4.4300000e-003
  1.5866800e+000  4.1900000e-003
  1.5876300e+000  4.2900000e-003
  1.5865800e+000  4.2700000e-003
  1.5880100e+000  4.0700000e-003
  1.5865500e+000  4.1000000e-003
  1.5861000e+000  4.0700000e-003
  1.5836700e+000  4.0400000e-003
  1.5844100e+000  3.9300000e-003
  1.5847900e+000  3.9100000e-003
  1.5829700e+000  3.8100000e-003
  1.5837100e+000  3.7100000e-003
  1.5841700e+000  3.7700000e-003
  1.5821500e+000  3.6800000e-003
  1.5824500e+000  3.6000000e-003
  1.5819100e+000  3.4800000e-003
  1.5815700e+000  3.6600000e-003
  1.5818700e+000  3.2000000e-003
  1.5795700e+000  3.3500000e-003
  1.5800000e+000  3.3800000e-003
  1.5805800e+000  3.4600000e-003
  1.5768400e+000  2.8800000e-003
  1.5787700e+000  3.2000000e-003
  1.5788800e+000  3.0000000e-003
  1.5788100e+000  3.3300000e-003
  1.5777700e+000  3.1900000e-003
  1.5777000e+000  3.0900000e-003
  1.5777700e+000  3.1000000e-003
  1.5765300e+000  3.1600000e-003
  1.5768600e+000  2.8700000e-003
  1.5765200e+000  2.9200000e-003
  1.5770200e+000  3.1000000e-003
  1.5763100e+000  3.0200000e-003
  1.5761700e+000  3.3800000e-003
  1.5761200e+000  2.9800000e-003
  1.5757200e+000  2.9800000e-003
  1.5759900e+000  3.2100000e-003
  1.5743600e+000  3.2300000e-003
  1.5757400e+000  3.1600000e-003
  1.5753300e+000  3.0500000e-003
  1.5760000e+000  2.9700000e-003
  1.5743400e+000  3.2000000e-003
  1.5741700e+000  3.2400000e-003
  1.5737000e+000  2.8700000e-003
  1.5754600e+000  2.9700000e-003
  1.5743000e+000  3.1700000e-003
  1.5737500e+000  3.0900000e-003
  1.5749100e+000  3.1000000e-003
  1.5748000e+000  3.7800000e-003
  1.5740200e+000  3.2500000e-003
  1.5733300e+000  3.3600000e-003
  1.5731600e+000  3.2200000e-003
  1.5738900e+000  3.2800000e-003
  1.5725700e+000  3.4200000e-003
  1.5733200e+000  3.7300000e-003
  1.5722600e+000  3.1700000e-003
  1.5743300e+000  3.9400000e-003
  1.5728000e+000  3.5400000e-003
  1.5734800e+000  3.5100000e-003
  1.5740800e+000  3.7100000e-003
  1.5758600e+000  4.5100000e-003
  1.5742200e+000  3.9200000e-003
  1.5722800e+000  3.8300000e-003
  1.5722300e+000  3.8300000e-003
  1.5717800e+000  3.6000000e-003
  1.5727000e+000  3.8900000e-003
  1.5719500e+000  3.7600000e-003
  1.5726200e+000  3.8900000e-003
  1.5728300e+000  3.8300000e-003
  1.5722300e+000  3.9800000e-003
  1.5727900e+000  4.0700000e-003
  1.5720100e+000  3.9700000e-003
  1.5721900e+000  4.2900000e-003
  1.5738100e+000  4.4400000e-003
  1.5737400e+000  4.4800000e-003
  1.5724500e+000  4.1600000e-003
  1.5725300e+000  4.4100000e-003
  1.5700300e+000  4.3700000e-003
  1.5708300e+000  4.5800000e-003
  1.5716600e+000  4.7400000e-003
  1.5709700e+000  4.5400000e-003
  1.5716800e+000  4.9000000e-003
  1.5710100e+000  4.4700000e-003
  1.5711100e+000  4.7500000e-003
  1.5714900e+000  5.1100000e-003
  1.5724000e+000  4.9700000e-003
  1.5709500e+000  4.9600000e-003
  1.5704100e+000  5.1000000e-003
  1.5714900e+000  5.0500000e-003
  1.5709000e+000  5.2500000e-003
  1.5715400e+000  5.1100000e-003
  1.5713900e+000  5.4700000e-003
  1.5711500e+000  5.4000000e-003
  1.5714800e+000  5.5100000e-003
  1.5705900e+000  5.7700000e-003
  1.5714500e+000  5.5600000e-003
  1.5707700e+000  5.6100000e-003
  1.5712500e+000  5.8900000e-003
  1.5700900e+000  5.9600000e-003
  1.5708300e+000  6.0400000e-003
  1.5716000e+000  6.1500000e-003
  1.5715900e+000  6.0400000e-003
  1.5713400e+000  6.2700000e-003
  1.5714800e+000  6.1300000e-003
  1.5710900e+000  6.4800000e-003
  1.5717500e+000  6.5500000e-003
  1.5709900e+000  6.4200000e-003
  1.5711500e+000  6.6200000e-003
  1.5712000e+000  6.6200000e-003
  1.5710800e+000  6.5700000e-003
  1.5718400e+000  6.6800000e-003
  1.5714600e+000  6.7100000e-003
  1.5717800e+000  7.0300000e-003
  1.5717000e+000  6.9100000e-003
  1.5728900e+000  7.0500000e-003
  1.5723600e+000  6.9300000e-003
  1.5721900e+000  7.0400000e-003
  1.5711200e+000  7.2100000e-003
  1.5729300e+000  7.2400000e-003
  1.5726600e+000  7.3700000e-003
  1.5719500e+000  7.5200000e-003
  1.5725300e+000  7.4800000e-003
  1.5732900e+000  7.6200000e-003
  1.5732800e+000  7.7200000e-003
  1.5735700e+000  7.7700000e-003
  1.5742500e+000  7.8000000e-003
  1.5728700e+000  8.0600000e-003
  1.5735300e+000  8.0700000e-003
  1.5747900e+000  8.1200000e-003
  1.5742100e+000  8.0900000e-003
  1.5735800e+000  7.9100000e-003
  1.5743400e+000  8.2700000e-003
  1.5747800e+000  8.4100000e-003
  1.5737000e+000  8.2400000e-003
  1.5751200e+000  8.4600000e-003
  1.5746500e+000  8.4600000e-003
  1.5748400e+000  8.3800000e-003
  1.5753400e+000  8.7000000e-003
  1.5753200e+000  8.7900000e-003
  1.5750200e+000  8.7100000e-003
  1.5750100e+000  8.7000000e-003
  1.5757200e+000  9.0800000e-003
  1.5750400e+000  8.9600000e-003
  1.5747300e+000  8.9100000e-003
  1.5771600e+000  9.2300000e-003
  1.5763900e+000  9.3500000e-003
  1.5757100e+000  9.4700000e-003
  1.5743300e+000  9.4000000e-003
  1.5759000e+000  9.4100000e-003
  1.5754600e+000  9.1800000e-003
  1.5753900e+000  9.6300000e-003
  1.5758700e+000  9.4900000e-003
  1.5746100e+000  9.5100000e-003
  1.5748700e+000  9.6400000e-003
  1.5759400e+000  9.6400000e-003
  1.5761100e+000  9.6200000e-003
  1.5747300e+000  9.4600000e-003
  1.5764800e+000  9.7900000e-003
  1.5757300e+000  1.0130000e-002
  1.5754300e+000  1.0360000e-002
  1.5757100e+000  1.0480000e-002
  1.5755000e+000  9.6900000e-003
  1.5754700e+000  9.8300000e-003
  1.5741800e+000  1.0190000e-002
  1.5753000e+000  1.0080000e-002
  1.5763300e+000  1.0400000e-002
  1.5750400e+000  1.0190000e-002
  1.5764300e+000  1.0420000e-002
  1.5773400e+000  1.0380000e-002
  1.5766300e+000  1.0600000e-002
  1.5770500e+000  1.0470000e-002
  1.5773000e+000  1.0890000e-002
  1.5772100e+000  1.0490000e-002
  1.5770600e+000  1.0530000e-002
  1.5786900e+000  1.0630000e-002
  1.5788200e+000  1.0950000e-002
  1.5785600e+000  1.0900000e-002
  1.5790700e+000  1.0570000e-002
  1.5794600e+000  1.0640000e-002
  1.5811300e+000  1.0610000e-002
  1.5803400e+000  1.0740000e-002
  1.5820200e+000  1.0960000e-002
  1.5824400e+000  1.1340000e-002
  1.5840000e+000  1.1190000e-002
  1.5838900e+000  1.1240000e-002
  1.5834700e+000  1.1180000e-002
  1.5860400e+000  1.1260000e-002
  1.5843200e+000  1.1640000e-002
  1.5875500e+000  1.1120000e-002
  1.5864900e+000  1.1020000e-002
  1.5873200e+000  1.2000000e-002
  1.5884800e+000  1.1820000e-002
  1.5901200e+000  1.1180000e-002
  1.5913500e+000  1.0420000e-002
  1.5912900e+000  1.1860000e-002
  1.5929500e+000  1.1100000e-002
  1.5956500e+000  1.0840000e-002
  1.5940600e+000  1.2000000e-002
  1.5984600e+000  1.1080000e-002
  1.5979000e+000  1.1210000e-002
  1.6006100e+000  1.1620000e-002
  1.6009400e+000  1.1410000e-002
  1.6053400e+000  1.1740000e-002
  1.6067800e+000  1.1730000e-002
  1.6046400e+000  1.2360000e-002
  1.6075900e+000  1.1790000e-002
  1.6127400e+000  1.2410000e-002
  1.6098700e+000  1.2270000e-002
  1.6121800e+000  1.1210000e-002
  1.6130000e+000  1.1120000e-002
  1.6162500e+000  1.1330000e-002
  1.6161300e+000  1.1710000e-002
  1.6192300e+000  1.1730000e-002
  1.6203700e+000  1.1120000e-002
  1.6220900e+000  1.1220000e-002
  1.6253700e+000  1.2260000e-002
  1.6251600e+000  1.1440000e-002
  1.6264100e+000  1.2220000e-002
  1.6295100e+000  1.1940000e-002
  1.6295500e+000  1.2110000e-002
  1.6294200e+000  1.1650000e-002
  1.6317000e+000  1.2100000e-002
  1.6339400e+000  1.2080000e-002
  1.6382200e+000  1.1530000e-002
  1.6359800e+000  1.1600000e-002
  1.6393600e+000  1.1650000e-002
  1.6411500e+000  1.2300000e-002
  1.6437400e+000  1.1450000e-002
  1.6437500e+000  1.1770000e-002
  1.6425200e+000  1.2120000e-002
  1.6454500e+000  1.1820000e-002
  1.6506200e+000  1.1840000e-002
  1.6480500e+000  1.2280000e-002
  1.6525400e+000  1.2280000e-002
  1.6537400e+000  1.1670000e-002
  1.6499500e+000  1.1770000e-002
  1.6555000e+000  1.1610000e-002
  1.6559100e+000  1.1480000e-002
  1.6545000e+000  1.2640000e-002
  1.6554100e+000  1.1730000e-002
  1.6567300e+000  1.2460000e-002
  1.6585600e+000  1.2290000e-002
  1.6572000e+000  1.1000000e-002
  1.6606600e+000  1.1330000e-002
  1.6643400e+000  1.1440000e-002
  1.6638400e+000  1.2050000e-002
  1.6634200e+000  1.2530000e-002
  1.6661600e+000  1.1650000e-002
  1.6661100e+000  1.2600000e-002
  1.6634900e+000  1.2190000e-002
  1.6669700e+000  1.1670000e-002
  1.6649800e+000  1.1830000e-002
  1.6686000e+000  1.1420000e-002
  1.6676000e+000  1.2200000e-002
  1.6686700e+000  1.2220000e-002
  1.6680700e+000  1.2150000e-002
  1.6703000e+000  1.2180000e-002
  1.6727000e+000  1.1980000e-002
  1.6703800e+000  1.2730000e-002
  1.6756900e+000  1.2420000e-002
  1.6722200e+000  1.2080000e-002
  1.6752300e+000  1.2480000e-002
  1.6756000e+000  1.2040000e-002
  1.6794600e+000  1.2830000e-002
  1.6744800e+000  1.3420000e-002
  1.6780900e+000  1.2540000e-002
  1.6763900e+000  1.1470000e-002
  1.6773100e+000  1.1550000e-002
  1.6777200e+000  1.1770000e-002
  1.6810300e+000  1.2250000e-002
  1.6729600e+000  1.2490000e-002
  1.6787000e+000  1.2760000e-002
  1.6786500e+000  1.2470000e-002
  1.6754700e+000  1.1360000e-002
  1.6807800e+000  1.1810000e-002
  1.6811600e+000  1.1120000e-002
  1.6850500e+000  1.2570000e-002
  1.6736600e+000  1.2390000e-002
  1.6826700e+000  1.2530000e-002
  1.6850600e+000  1.2570000e-002
  1.6781400e+000  1.2540000e-002
  1.6810900e+000  1.1850000e-002
  1.6826800e+000  1.3090000e-002
  1.6840000e+000  1.1460000e-002
  1.6846600e+000  1.1800000e-002
  1.6852000e+000  1.1850000e-002
  1.6814800e+000  1.2780000e-002
  1.6833200e+000  1.3630000e-002
  1.6837800e+000  1.1470000e-002
  1.6828600e+000  1.1840000e-002
  1.6808500e+000  1.1630000e-002
  1.6805500e+000  1.0570000e-002
  1.6818300e+000  1.1920000e-002
  1.6866200e+000  1.1240000e-002
  1.6844200e+000  1.1620000e-002
  1.6874500e+000  1.2050000e-002
  1.6901600e+000  1.1910000e-002
  1.6927300e+000  1.2430000e-002
  1.6860500e+000  1.2880000e-002
  1.6854200e+000  1.2430000e-002
  1.6830000e+000  1.2450000e-002
  1.6866600e+000  1.2220000e-002
  1.6877200e+000  1.0630000e-002
  1.6889200e+000  1.3270000e-002
  1.6856800e+000  1.2690000e-002
  1.6891800e+000  1.1190000e-002
  1.6839100e+000  1.3690000e-002
  1.6841400e+000  1.0680000e-002
  1.6887900e+000  1.1780000e-002
  1.6909200e+000  1.1610000e-002
  1.6904700e+000  1.3280000e-002
  1.6887900e+000  1.3240000e-002
  1.6846400e+000  1.1490000e-002
  1.6868500e+000  1.3270000e-002
  1.6900000e+000  1.2230000e-002
  1.6905200e+000  1.1210000e-002
  1.6905800e+000  1.3080000e-002
  1.6914200e+000  1.2630000e-002
  1.6854000e+000  1.2050000e-002
  1.6889800e+000  1.2610000e-002
  1.6871600e+000  1.3760000e-002
  1.6905900e+000  1.1870000e-002
  1.6865400e+000  1.3890000e-002
  1.6924200e+000  1.1170000e-002
  1.6880700e+000  1.1300000e-002
  1.6892300e+000  1.4490000e-002
  1.6887900e+000  1.2980000e-002
  1.6890700e+000  1.3560000e-002
  1.6908300e+000  1.2990000e-002
  1.6904300e+000  1.2310000e-002
  1.6883200e+000  1.1120000e-002
  1.6956700e+000  1.2530000e-002
  1.6973800e+000  1.3290000e-002
  1.6860300e+000  1.2930000e-002
  1.6879100e+000  1.3440000e-002
  1.6849900e+000  1.1770000e-002
  1.6901500e+000  1.2810000e-002
  1.6875500e+000  1.1940000e-002
  1.6918400e+000  1.1620000e-002
  1.6934400e+000  1.2960000e-002
  1.6962900e+000  1.2690000e-002
  1.6948200e+000  1.1620000e-002
  1.6940200e+000  1.1860000e-002
  1.6945900e+000  1.2640000e-002
  1.7000200e+000  1.2570000e-002
  1.6950300e+000  1.4010000e-002
  1.6945200e+000  1.0980000e-002
  1.6948400e+000  1.4460000e-002
